   1.0000000e+00   2.8262830e-01   8.3495222e-02   7.2350740e-02   7.3573485e-02   6.5125026e-02   7.6349378e-02   6.9800071e-02   2.2661698e-01   1.4908761e-01   5.7238232e-02   8.1803910e-02   7.2914675e-02   7.9476960e-02   8.0690242e-02   6.2096003e-02   8.1436433e-02   8.5171685e-02   6.7159384e-02   6.3070528e-02   6.8468876e-02   7.5100943e-02   1.0121343e-01   8.0961540e-02   9.6363910e-02   8.8415511e-02   8.3648659e-02   5.8788743e-02   8.3675899e-02   2.4956176e-01   1.2328693e-01   1.2518464e-01   2.3188278e-02   8.6529963e-02   1.6902754e-02   5.2257544e-01   1.8434310e-02   2.2918200e-02   2.1773338e-02   2.0491453e-02   1.5078965e-02   1.5859501e-02   2.3224041e-02   2.2535160e-02   7.4472994e-02   1.1227608e-01   7.5312041e-02   8.0525182e-02   8.7263040e-02   8.7135576e-02   8.8768467e-02   8.6948477e-02   8.4509343e-02   7.5774483e-02   8.3917245e-02   6.8941042e-02   5.1049888e-02   8.2397625e-02   1.9620718e-01   2.2093213e-01   1.1680999e-01   2.0051648e-01   2.1113729e-01   2.0474552e-01   2.4944571e-01   2.6039159e-01   2.6901183e-01   2.3080759e-01   1.2558848e-01   7.9637453e-02   5.5530157e-02   9.6582115e-02   2.5576848e-01   2.5349805e-01   2.2614660e-02   2.9138003e-02   2.7549481e-02   5.5226129e-02   7.3796071e-02   5.1533159e-02   8.4045894e-02   1.0158835e-01   2.1561149e-01   1.9378519e-01   2.1327166e-01   1.6145760e-01   1.9153480e-01   5.6955129e-02   7.2488651e-02   1.8737355e-01   9.7835466e-02   8.2303382e-02   1.9751186e-02   6.8153106e-02   1.9913334e-01
   2.8262830e-01   1.0000000e+00   6.3149877e-02   4.6876695e-02   5.5550657e-02   4.8071109e-02   6.5726317e-02   5.0934836e-02   2.0018128e-01   1.8380550e-01   3.9493497e-02   8.9293227e-02   7.2730757e-02   9.4556227e-02   6.9281749e-02   5.9557091e-02   8.0701612e-02   9.3801409e-02   7.0770018e-02   6.7792185e-02   5.4630339e-02   8.3123475e-02   1.0206757e-01   6.6510625e-02   8.4349744e-02   8.1796117e-02   9.0087399e-02   6.0454957e-02   6.4484090e-02   2.1174808e-01   9.3440995e-02   9.9684261e-02   1.6664434e-02   8.5644253e-02   1.6783159e-02   2.5125223e-01   2.0472396e-02   1.8159119e-02   3.0739916e-02   1.6370483e-02   1.6394202e-02   1.6269088e-02   1.9112896e-02   1.6232381e-02   5.8534969e-02   9.4062664e-02   7.3164172e-02   8.2870468e-02   6.6743545e-02   8.7440170e-02   8.4328160e-02   7.8532778e-02   6.8556778e-02   8.5629687e-02   7.3122934e-02   5.1818263e-02   4.0255584e-02   6.6166632e-02   1.9280037e-01   2.0134856e-01   1.0991351e-01   1.8694760e-01   1.9992597e-01   1.9753160e-01   2.7325821e-01   2.2280280e-01   1.9817954e-01   2.2919504e-01   1.1452686e-01   8.1096858e-02   7.2419465e-02   1.1219168e-01   3.2972097e-01   2.4638148e-01   3.2702230e-02   3.9178532e-02   3.8200211e-02   8.4525719e-02   9.8354712e-02   8.4551185e-02   7.8107692e-02   1.0331753e-01   1.9075237e-01   1.8793635e-01   1.8936570e-01   1.5121870e-01   1.6610999e-01   6.2295720e-02   9.4163194e-02   1.8691424e-01   1.1213289e-01   7.8365497e-02   2.2948846e-02   5.1821832e-02   2.0350930e-01
   8.3495222e-02   6.3149877e-02   1.0000000e+00   2.4458556e-01   2.0796964e-01   1.7951816e-01   2.1270092e-01   1.8605316e-01   8.6820625e-02   8.6515486e-02   4.6596408e-02   8.5176647e-02   6.8237633e-02   8.1522495e-02   7.5408198e-02   1.4075591e-01   1.2781875e-01   1.3026844e-01   2.1025501e-01   1.9738799e-01   2.0899245e-01   1.7340142e-01   1.2020978e-01   1.5822667e-01   1.2541111e-01   1.7496862e-01   1.7709082e-01   1.8741848e-01   1.1540683e-01   7.6699235e-02   5.5018350e-02   5.5483039e-02   1.3607397e-02   4.8530478e-02   1.6201319e-02   6.4493544e-02   1.4739964e-02   1.2512695e-02   1.3188544e-02   1.4047067e-02   1.3251917e-02   1.4196672e-02   1.3397394e-02   1.3696422e-02   1.7437391e-01   1.2032159e-01   1.8697579e-01   1.6258568e-01   1.5466771e-01   1.2012198e-01   1.3395822e-01   1.1089389e-01   1.1245327e-01   1.1367442e-01   1.2055463e-01   1.2894514e-01   1.4149025e-01   1.2543488e-01   6.7333125e-02   8.0376416e-02   9.6944056e-02   1.0003182e-01   9.6744724e-02   8.4748253e-02   5.8436245e-02   6.0372956e-02   4.8949011e-02   5.2316986e-02   4.7701560e-02   6.7560203e-02   6.4308897e-02   5.6421176e-02   7.0731148e-02   6.4293832e-02   2.8060896e-02   4.2022541e-02   3.6503397e-02   5.3549618e-02   3.0247947e-02   3.6452495e-02   3.1942442e-01   7.8180075e-02   4.9981363e-02   8.2772195e-02   8.8964880e-02   9.3369871e-02   9.8337740e-02   4.2460125e-02   7.1939357e-02   6.1282873e-02   9.4858214e-02   1.0334931e-01   1.9320238e-02   5.5820160e-02   4.8956905e-02
   7.2350740e-02   4.6876695e-02   2.4458556e-01   1.0000000e+00   4.2277566e-01   4.5362666e-01   4.2369199e-01   4.7067702e-01   6.3578479e-02   8.4699377e-02   5.1497143e-02   1.0603086e-01   8.4675476e-02   8.2050309e-02   1.2335247e-01   1.2633988e-01   1.3378587e-01   1.3825117e-01   1.9187757e-01   1.8302634e-01   1.7974389e-01   1.6407536e-01   1.4180605e-01   1.5460052e-01   1.2782820e-01   1.7446797e-01   1.6277404e-01   1.7454405e-01   1.1898998e-01   8.9366935e-02   5.4344341e-02   5.9370283e-02   1.3668506e-02   6.1289534e-02   1.2446656e-02   5.5331003e-02   1.1368291e-02   1.3758585e-02   1.2794351e-02   1.6149569e-02   1.2686816e-02   1.7995868e-02   1.5971184e-02   1.3987230e-02   2.0344020e-01   1.3914762e-01   2.1366866e-01   1.9941880e-01   1.7150922e-01   1.8107878e-01   1.8069904e-01   1.1276650e-01   1.3065834e-01   1.3604003e-01   1.3335316e-01   1.2370557e-01   1.3582009e-01   1.3498385e-01   6.0429540e-02   5.9358321e-02   8.6106561e-02   8.7308899e-02   9.3072861e-02   8.9221805e-02   5.7359613e-02   5.8568470e-02   5.4795932e-02   7.8079902e-02   5.3848214e-02   6.5064237e-02   3.9254595e-02   5.7471544e-02   6.0474239e-02   5.0057825e-02   2.9540628e-02   2.8709520e-02   3.6056209e-02   3.4481272e-02   2.7295394e-02   3.3908494e-02   1.6162910e-01   8.6828925e-02   5.3514555e-02   9.1977961e-02   8.6422525e-02   8.3749376e-02   1.0622790e-01   4.7556922e-02   6.0906902e-02   5.4305959e-02   9.2016995e-02   1.0077446e-01   2.1285502e-02   4.9217738e-02   6.1683923e-02
   7.3573485e-02   5.5550657e-02   2.0796964e-01   4.2277566e-01   1.0000000e+00   3.8552186e-01   5.5875278e-01   3.8621965e-01   6.9570370e-02   9.1717087e-02   4.6971258e-02   9.4343953e-02   8.5905157e-02   8.4117614e-02   1.0193837e-01   1.1409324e-01   1.2858614e-01   1.4107384e-01   1.6942552e-01   1.5562060e-01   1.6084211e-01   1.2227702e-01   1.3623618e-01   1.1856921e-01   1.3064481e-01   1.7162856e-01   1.6068345e-01   1.5770683e-01   1.1598794e-01   9.6977927e-02   6.3700795e-02   5.1218089e-02   1.2839818e-02   3.8252279e-02   1.5882690e-02   5.9719149e-02   1.4452863e-02   1.6194662e-02   1.3111266e-02   1.3506898e-02   1.2160862e-02   1.3172589e-02   1.5385618e-02   1.4077734e-02   2.1072339e-01   1.3856205e-01   1.9910891e-01   1.6944824e-01   1.6065168e-01   1.6093890e-01   1.8186824e-01   1.1414656e-01   1.1405610e-01   1.1202568e-01   1.2195084e-01   1.3592519e-01   9.9057190e-02   1.3224754e-01   5.0383884e-02   6.8330370e-02   9.3387619e-02   9.3298137e-02   9.5105238e-02   9.3266256e-02   5.7004582e-02   6.0376465e-02   5.4790027e-02   6.5677419e-02   4.3856487e-02   7.1194202e-02   4.2022772e-02   5.4337751e-02   5.4438740e-02   4.8501808e-02   3.0465888e-02   2.0540021e-02   3.1475596e-02   2.6954859e-02   3.0813199e-02   3.0257724e-02   1.5346020e-01   8.2928240e-02   5.8791738e-02   8.4415317e-02   9.7214863e-02   9.0433955e-02   1.0764753e-01   3.5804257e-02   8.1734665e-02   4.7694623e-02   9.3288392e-02   9.7474836e-02   2.1423228e-02   5.8001250e-02   7.2813451e-02
   6.5125026e-02   4.8071109e-02   1.7951816e-01   4.5362666e-01   3.8552186e-01   1.0000000e+00   3.8397262e-01   4.6927264e-01   6.7195192e-02   8.0249250e-02   5.6202836e-02   8.8413134e-02   8.7351546e-02   8.1335321e-02   1.0022644e-01   1.1726885e-01   1.1413744e-01   1.2380247e-01   1.3861459e-01   1.2632009e-01   1.3360441e-01   1.2421564e-01   1.3670723e-01   1.1365636e-01   1.2272944e-01   1.5211505e-01   1.1064270e-01   1.0597774e-01   1.1298668e-01   9.5505647e-02   4.7181100e-02   5.4626051e-02   1.9788004e-02   5.5497363e-02   1.1941981e-02   5.3460039e-02   8.9299865e-03   1.3573617e-02   1.1665519e-02   1.5887577e-02   1.1360910e-02   1.1510793e-02   1.3689083e-02   1.5400103e-02   1.8525212e-01   1.2262212e-01   1.5934776e-01   1.5139572e-01   1.3777451e-01   1.4940411e-01   1.3916667e-01   1.0995089e-01   8.9117892e-02   1.0608459e-01   1.2783474e-01   1.1634865e-01   1.0164833e-01   1.2146056e-01   5.4754417e-02   6.0463529e-02   8.6081237e-02   7.8505941e-02   9.0026148e-02   8.7609269e-02   5.7502877e-02   4.7997359e-02   3.9447773e-02   6.6541962e-02   5.3296350e-02   6.1849833e-02   3.9625973e-02   5.0217520e-02   5.9199452e-02   5.4527458e-02   3.8210351e-02   2.5089575e-02   3.1629015e-02   3.5074569e-02   3.3361033e-02   2.5669126e-02   1.3149323e-01   6.9813512e-02   4.8596673e-02   9.1201417e-02   8.0642156e-02   7.8336619e-02   8.4049650e-02   4.3592706e-02   6.4258650e-02   5.1727891e-02   7.9994403e-02   7.8229666e-02   2.1032764e-02   4.5747660e-02   5.1145650e-02
   7.6349378e-02   6.5726317e-02   2.1270092e-01   4.2369199e-01   5.5875278e-01   3.8397262e-01   1.0000000e+00   4.0774885e-01   6.8673514e-02   9.2037372e-02   5.1481951e-02   9.6944429e-02   9.2200689e-02   9.4407625e-02   1.0414804e-01   1.2150612e-01   1.2782656e-01   1.3703473e-01   1.7108600e-01   1.6227329e-01   1.6675496e-01   1.3905467e-01   1.3582806e-01   1.2441860e-01   1.2077784e-01   1.8998097e-01   1.6619781e-01   1.6388440e-01   1.0921796e-01   8.8785656e-02   6.3208818e-02   5.6391407e-02   1.4937561e-02   4.1160878e-02   1.5236306e-02   6.2204152e-02   1.5059130e-02   1.4364132e-02   1.3866689e-02   1.3558754e-02   1.4204841e-02   1.6717855e-02   1.3827220e-02   1.3896252e-02   2.0738687e-01   1.3714248e-01   1.9754659e-01   1.7427696e-01   1.5714878e-01   1.5378632e-01   1.7406152e-01   1.1749022e-01   1.2215394e-01   1.1866494e-01   1.3144803e-01   1.2835512e-01   9.8432064e-02   1.3734514e-01   5.2576330e-02   7.5189598e-02   9.2183717e-02   9.1381468e-02   9.7055554e-02   9.5828615e-02   6.2004205e-02   6.5945856e-02   5.3372078e-02   7.4199341e-02   4.6810716e-02   7.1933866e-02   4.2899191e-02   5.8827959e-02   5.0378390e-02   5.4185860e-02   3.5870370e-02   3.3333853e-02   3.6187213e-02   3.5587359e-02   2.7484313e-02   3.8897414e-02   1.3538912e-01   8.0023773e-02   4.8673533e-02   8.6127989e-02   8.7664187e-02   8.8594414e-02   1.0300695e-01   5.1711932e-02   6.7813762e-02   5.2921787e-02   8.6747468e-02   9.3617752e-02   2.4793096e-02   5.2301873e-02   6.5443881e-02
   6.9800071e-02   5.0934836e-02   1.8605316e-01   4.7067702e-01   3.8621965e-01   4.6927264e-01   4.0774885e-01   1.0000000e+00   6.2254582e-02   8.1726193e-02   4.9388304e-02   9.0941235e-02   8.7150015e-02   8.8911563e-02   1.1135957e-01   1.1173361e-01   1.1841145e-01   1.2547214e-01   1.4875491e-01   1.5947096e-01   1.3327944e-01   1.2597886e-01   1.4347428e-01   1.1843876e-01   1.2792639e-01   1.5371218e-01   1.2599728e-01   1.2001070e-01   1.0870399e-01   8.6369701e-02   5.5188373e-02   5.7381608e-02   1.4281102e-02   6.1510839e-02   1.6220953e-02   5.7561062e-02   1.4369055e-02   1.4182481e-02   1.2624108e-02   1.4897649e-02   1.0363152e-02   1.1589777e-02   1.8145759e-02   1.3516354e-02   2.0086059e-01   1.3295734e-01   1.6744155e-01   1.4662828e-01   1.4092042e-01   1.4141756e-01   1.4335153e-01   1.0641784e-01   9.2214294e-02   1.1053865e-01   1.2184095e-01   1.1095188e-01   1.1480279e-01   1.2324803e-01   6.1894409e-02   6.5258428e-02   8.8206194e-02   9.6146919e-02   1.0071207e-01   9.6373923e-02   5.6706846e-02   5.1478840e-02   4.5908656e-02   7.0585586e-02   4.8394687e-02   6.2751032e-02   3.9733961e-02   4.9862891e-02   6.1152034e-02   5.3128541e-02   2.4910055e-02   1.9094881e-02   2.7884068e-02   2.3492239e-02   2.6229400e-02   3.4016311e-02   1.3080204e-01   8.0550753e-02   4.1961174e-02   8.4081523e-02   8.5958257e-02   7.3284768e-02   8.2714014e-02   4.0993311e-02   6.8451136e-02   5.6313716e-02   8.4525332e-02   8.8167667e-02   1.8885814e-02   4.4302199e-02   6.5909170e-02
   2.2661698e-01   2.0018128e-01   8.6820625e-02   6.3578479e-02   6.9570370e-02   6.7195192e-02   6.8673514e-02   6.2254582e-02   1.0000000e+00   1.6271083e-01   6.6093482e-02   8.0662198e-02   7.0724793e-02   9.4217375e-02   8.1837334e-02   6.4889796e-02   6.8480827e-02   9.2454940e-02   7.8499191e-02   7.9320535e-02   8.7173738e-02   8.1277452e-02   9.1581933e-02   8.6841196e-02   7.8675725e-02   6.7091867e-02   6.8867803e-02   4.8815366e-02   8.1066869e-02   2.5965548e-01   1.1353830e-01   1.2607181e-01   2.1024963e-02   6.0436625e-02   1.2820652e-02   1.9569798e-01   2.1398274e-02   1.4527502e-02   1.5833724e-02   1.8631009e-02   1.7424038e-02   1.8873636e-02   1.8161999e-02   1.7194545e-02   7.6313347e-02   1.2816706e-01   7.8537740e-02   7.6958202e-02   7.6900244e-02   8.7182976e-02   8.2455382e-02   7.6043189e-02   6.1478931e-02   7.4716918e-02   9.3993075e-02   7.2623380e-02   5.3365216e-02   8.1247628e-02   1.6459285e-01   2.8589961e-01   1.2545598e-01   1.9813244e-01   2.2499329e-01   2.0188795e-01   1.7812641e-01   1.5602003e-01   1.6857475e-01   1.5404502e-01   1.0667034e-01   8.8149257e-02   7.5751476e-02   1.1090560e-01   2.1623230e-01   1.9264163e-01   5.7640899e-02   3.3918936e-02   5.6876682e-02   6.0634688e-02   8.2553379e-02   5.2830353e-02   1.1130967e-01   1.3384485e-01   1.6303855e-01   2.0327723e-01   1.9479527e-01   1.8306527e-01   2.0942655e-01   5.9616238e-02   1.0984028e-01   1.6001756e-01   1.0693061e-01   9.3233541e-02   2.5402859e-02   5.7858333e-02   1.6911930e-01
   1.4908761e-01   1.8380550e-01   8.6515486e-02   8.4699377e-02   9.1717087e-02   8.0249250e-02   9.2037372e-02   8.1726193e-02   1.6271083e-01   1.0000000e+00   4.9377881e-02   1.1968868e-01   8.9135043e-02   1.1349279e-01   9.0690978e-02   8.0334909e-02   7.7519283e-02   9.5329516e-02   7.1546942e-02   7.1616709e-02   6.4508542e-02   9.3858100e-02   9.1280773e-02   9.9190652e-02   8.0091812e-02   9.4997726e-02   9.7889513e-02   7.5292967e-02   7.7766731e-02   1.8228287e-01   8.6813927e-02   9.0467282e-02   1.4248582e-02   8.5663363e-02   1.3114768e-02   1.3660860e-01   1.2239104e-02   1.2934378e-02   1.5098862e-02   1.6105706e-02   1.4734307e-02   1.7651761e-02   1.3732045e-02   1.5694803e-02   8.2850978e-02   1.0497297e-01   8.3918937e-02   9.0802975e-02   9.1420785e-02   7.1518749e-02   7.3533259e-02   6.8254873e-02   7.5770244e-02   6.9901705e-02   7.8891777e-02   8.2927719e-02   5.6138095e-02   7.4261680e-02   1.0465024e-01   1.5848792e-01   1.0468203e-01   1.6112457e-01   1.7188247e-01   1.5326343e-01   1.6986658e-01   1.5080245e-01   1.2595028e-01   1.5401782e-01   1.1622471e-01   9.0171471e-02   1.1454935e-01   3.2719597e-01   1.3830093e-01   1.1285819e-01   5.2937787e-02   6.1230112e-02   7.3812321e-02   8.0198832e-02   6.2247176e-02   6.8893649e-02   8.3942942e-02   9.1567598e-02   1.0718317e-01   1.7882888e-01   2.0269223e-01   2.0887242e-01   2.1466027e-01   7.9544194e-02   9.5423467e-02   1.0531579e-01   1.1849899e-01   1.1660916e-01   3.8978431e-02   5.2568618e-02   1.1548247e-01
   5.7238232e-02   3.9493497e-02   4.6596408e-02   5.1497143e-02   4.6971258e-02   5.6202836e-02   5.1481951e-02   4.9388304e-02   6.6093482e-02   4.9377881e-02   1.0000000e+00   1.0766742e-01   1.0785340e-01   1.2688980e-01   1.1915902e-01   9.3299463e-02   1.0472739e-01   1.2219764e-01   4.9238835e-02   6.0960051e-02   5.1033616e-02   8.4609926e-02   1.0053041e-01   7.8327514e-02   9.6304119e-02   5.6108288e-02   5.9616342e-02   4.5493424e-02   8.5645586e-02   6.4280130e-02   6.1912786e-02   6.4881347e-02   1.6018609e-02   5.2623734e-02   1.3619194e-02   6.5453805e-02   1.6628588e-02   2.1316705e-02   1.4721533e-02   1.5537045e-02   1.3148686e-02   1.1973171e-02   1.6272504e-02   1.3589730e-02   7.7731632e-02   1.1345217e-01   7.3801465e-02   1.0317335e-01   1.1473522e-01   8.3980471e-02   8.6523429e-02   9.1529422e-02   4.9661566e-02   7.8788780e-02   1.1891602e-01   9.0808481e-02   7.7444129e-02   8.4827796e-02   6.6090241e-02   6.4471036e-02   9.0223685e-02   7.7958398e-02   8.2787864e-02   8.7202452e-02   4.3485779e-02   3.5299785e-02   4.4970099e-02   5.3803954e-02   2.8469158e-02   7.8094520e-02   7.2411254e-02   3.2539345e-02   3.8485900e-02   4.9158134e-02   4.9823076e-02   6.8797067e-02   6.5416031e-02   5.6495290e-02   6.6323526e-02   3.8626593e-02   7.3928192e-02   9.0932593e-02   4.9213454e-02   7.2923481e-02   7.9152867e-02   6.8800710e-02   8.7339468e-02   7.0340998e-02   8.2279198e-02   5.9763111e-02   8.6697698e-02   5.5544797e-02   2.3962172e-02   4.4433430e-02   4.0925849e-02
   8.1803910e-02   8.9293227e-02   8.5176647e-02   1.0603086e-01   9.4343953e-02   8.8413134e-02   9.6944429e-02   9.0941235e-02   8.0662198e-02   1.1968868e-01   1.0766742e-01   1.0000000e+00   4.1219306e-01   4.1318685e-01   4.7724551e-01   1.2761734e-01   1.3331242e-01   1.4508988e-01   1.1754329e-01   1.2114120e-01   1.0062359e-01   1.2501821e-01   1.4480564e-01   1.4246398e-01   1.6314057e-01   1.1463866e-01   1.1734872e-01   1.0463863e-01   1.4304273e-01   1.0229998e-01   1.1243820e-01   1.1225265e-01   1.6115315e-02   5.0906349e-02   1.3058031e-02   9.5584191e-02   1.6978357e-02   1.7614864e-02   1.7013842e-02   1.4999689e-02   1.8108826e-02   1.6532978e-02   1.5319482e-02   1.4296252e-02   1.0999007e-01   1.9029172e-01   1.3092227e-01   1.2526402e-01   1.1189155e-01   1.1205799e-01   1.2305065e-01   1.3249446e-01   1.2894501e-01   1.4047851e-01   1.7450094e-01   1.3120811e-01   1.4042644e-01   1.3330697e-01   7.8885533e-02   1.0008319e-01   1.4685176e-01   1.0123648e-01   1.2224206e-01   1.1812837e-01   7.1369067e-02   8.6395860e-02   7.6005869e-02   7.7336051e-02   7.3908418e-02   6.0008939e-02   6.0330078e-02   4.6356309e-02   8.4668010e-02   6.8977088e-02   3.6293577e-02   4.3131854e-02   5.0289325e-02   7.0644066e-02   4.4225693e-02   5.7840604e-02   1.0555136e-01   9.2589095e-02   7.1393326e-02   1.3014005e-01   1.2713051e-01   1.3090537e-01   1.4961213e-01   5.7918418e-02   1.2548894e-01   7.1748182e-02   1.1958891e-01   9.5328555e-02   2.2881065e-02   5.3782880e-02   8.7654695e-02
   7.2914675e-02   7.2730757e-02   6.8237633e-02   8.4675476e-02   8.5905157e-02   8.7351546e-02   9.2200689e-02   8.7150015e-02   7.0724793e-02   8.9135043e-02   1.0785340e-01   4.1219306e-01   1.0000000e+00   5.1395208e-01   3.3785921e-01   1.4117531e-01   1.4747544e-01   1.4546871e-01   9.7836427e-02   9.7249381e-02   8.7694719e-02   1.4265953e-01   1.6173591e-01   1.8126777e-01   1.5010102e-01   1.1183776e-01   1.1703464e-01   1.0343660e-01   1.3766797e-01   8.5138522e-02   8.9673035e-02   8.4828980e-02   1.5412078e-02   6.6960156e-02   1.4331970e-02   6.9264211e-02   1.3071440e-02   1.6516117e-02   1.2541145e-02   1.2743534e-02   1.4262587e-02   1.4082130e-02   1.7606514e-02   1.4300964e-02   1.0257959e-01   1.8649782e-01   1.4891528e-01   1.2797442e-01   1.2721503e-01   9.8795526e-02   1.2011079e-01   1.2637693e-01   1.0893293e-01   1.2247624e-01   1.8108441e-01   1.2380379e-01   1.2415326e-01   1.5440840e-01   7.0683099e-02   8.8237979e-02   1.4045678e-01   1.2951440e-01   1.2091747e-01   1.1397956e-01   7.0930570e-02   6.5289088e-02   7.9503752e-02   5.4626189e-02   5.5424381e-02   6.0666312e-02   7.0165262e-02   4.4920042e-02   7.9411969e-02   7.0290819e-02   4.8575431e-02   4.7168162e-02   6.7283951e-02   6.2636964e-02   4.1330907e-02   5.7646479e-02   1.0571500e-01   1.0545611e-01   6.3342050e-02   1.1250236e-01   1.2206426e-01   1.3405025e-01   1.1998355e-01   6.2542975e-02   1.1285701e-01   6.4719103e-02   9.8335125e-02   7.8858048e-02   2.5604201e-02   6.4869747e-02   5.6752827e-02
   7.9476960e-02   9.4556227e-02   8.1522495e-02   8.2050309e-02   8.4117614e-02   8.1335321e-02   9.4407625e-02   8.8911563e-02   9.4217375e-02   1.1349279e-01   1.2688980e-01   4.1318685e-01   5.1395208e-01   1.0000000e+00   3.5955706e-01   1.3330106e-01   1.4678651e-01   1.4755306e-01   1.1177272e-01   1.0919040e-01   9.8426260e-02   1.5440024e-01   1.9233619e-01   1.8092290e-01   1.7187178e-01   1.2366414e-01   1.0995867e-01   1.0906526e-01   1.5214030e-01   9.8119237e-02   8.4067017e-02   8.5089780e-02   2.1435441e-02   9.8692514e-02   1.5354235e-02   8.0644257e-02   1.3065276e-02   1.4720859e-02   1.5238907e-02   1.5171417e-02   1.4870971e-02   1.3639979e-02   1.8207463e-02   1.5294154e-02   1.0108661e-01   2.1980624e-01   1.2283116e-01   1.2863958e-01   1.2488465e-01   1.1696979e-01   1.2136383e-01   1.3508195e-01   1.2312157e-01   1.2559460e-01   1.6878524e-01   1.2685309e-01   1.2894757e-01   1.7980345e-01   7.1123742e-02   1.0472383e-01   1.5074335e-01   1.4806890e-01   1.3581957e-01   1.2883577e-01   6.0155131e-02   7.3141113e-02   7.3370397e-02   7.6375380e-02   5.8229402e-02   7.8290574e-02   7.7782951e-02   5.1857844e-02   1.0424039e-01   9.1212966e-02   7.2107151e-02   4.6554517e-02   6.5294378e-02   6.7385785e-02   4.3933239e-02   5.4959938e-02   1.1827461e-01   1.3510472e-01   6.0148377e-02   1.2634128e-01   1.3710232e-01   1.2882818e-01   1.4082333e-01   6.6455640e-02   1.3258058e-01   6.9213793e-02   1.3319787e-01   1.0794812e-01   3.8902853e-02   6.1218694e-02   7.4376605e-02
   8.0690242e-02   6.9281749e-02   7.5408198e-02   1.2335247e-01   1.0193837e-01   1.0022644e-01   1.0414804e-01   1.1135957e-01   8.1837334e-02   9.0690978e-02   1.1915902e-01   4.7724551e-01   3.3785921e-01   3.5955706e-01   1.0000000e+00   1.2559342e-01   1.4750530e-01   1.4530478e-01   9.4402067e-02   9.5685221e-02   9.6500471e-02   1.2054625e-01   1.4687857e-01   1.4116324e-01   1.4547443e-01   1.2083413e-01   1.1483172e-01   9.4738021e-02   1.2138633e-01   1.1625215e-01   1.2227256e-01   1.1274604e-01   1.8773355e-02   5.3485282e-02   1.5855864e-02   7.7458367e-02   1.7907728e-02   1.4628143e-02   1.5164522e-02   1.9024303e-02   1.6595263e-02   1.9259905e-02   2.0766728e-02   1.8614145e-02   9.6329689e-02   1.8340582e-01   1.4135242e-01   1.1287253e-01   1.1566935e-01   1.2034220e-01   1.0188603e-01   1.3353381e-01   1.1924686e-01   1.2369330e-01   1.6830397e-01   1.1074010e-01   1.2387947e-01   1.3434564e-01   8.0924064e-02   1.0221318e-01   1.4379907e-01   1.1490075e-01   1.0836043e-01   1.0931712e-01   5.9901837e-02   6.3742645e-02   8.1053540e-02   7.7478759e-02   3.1808842e-02   7.5102791e-02   6.5839469e-02   4.5412149e-02   9.8867968e-02   6.8462178e-02   3.6334317e-02   3.6162965e-02   6.3807301e-02   6.4234436e-02   5.8979120e-02   5.8905333e-02   1.0351470e-01   8.7255955e-02   7.6482974e-02   1.2093297e-01   1.3979499e-01   1.0217579e-01   1.1857656e-01   8.4286571e-02   1.2098203e-01   8.1260309e-02   8.7982111e-02   8.0889672e-02   4.0625215e-02   5.2873850e-02   8.7578170e-02
   6.2096003e-02   5.9557091e-02   1.4075591e-01   1.2633988e-01   1.1409324e-01   1.1726885e-01   1.2150612e-01   1.1173361e-01   6.4889796e-02   8.0334909e-02   9.3299463e-02   1.2761734e-01   1.4117531e-01   1.3330106e-01   1.2559342e-01   1.0000000e+00   4.3537396e-01   4.2080620e-01   1.7651068e-01   1.7435803e-01   1.9423388e-01   2.1930666e-01   2.1714419e-01   2.2426523e-01   2.0790890e-01   1.6948682e-01   2.0308872e-01   1.6367938e-01   1.9062297e-01   7.6148011e-02   6.6523559e-02   7.6647565e-02   1.2099904e-02   7.3670112e-02   1.2805742e-02   7.7011034e-02   1.2927453e-02   1.4905283e-02   1.3612224e-02   1.2695634e-02   1.8672800e-02   1.1992702e-02   1.1707767e-02   1.1146943e-02   1.0421331e-01   2.1431585e-01   2.2542419e-01   2.2337423e-01   2.1700352e-01   2.0081086e-01   2.2668657e-01   1.5620290e-01   1.4479068e-01   1.7667206e-01   1.9966599e-01   2.0493826e-01   1.9374374e-01   2.2131607e-01   6.5024056e-02   9.0174869e-02   1.1727772e-01   1.2000138e-01   1.1672793e-01   1.1164360e-01   6.8850182e-02   5.5282306e-02   4.2236537e-02   5.9085142e-02   6.5060593e-02   6.7885384e-02   5.9754536e-02   5.3619795e-02   6.1880779e-02   4.7082048e-02   4.2024717e-02   5.3870879e-02   4.8026629e-02   3.7973158e-02   2.8889302e-02   4.5946218e-02   1.4613959e-01   8.1160836e-02   5.8014933e-02   1.4022507e-01   1.2585510e-01   1.2972799e-01   1.3984396e-01   6.2702246e-02   1.0304458e-01   5.2002523e-02   9.6442468e-02   1.1487473e-01   1.5197559e-02   5.3562161e-02   4.5932692e-02
   8.1436433e-02   8.0701612e-02   1.2781875e-01   1.3378587e-01   1.2858614e-01   1.1413744e-01   1.2782656e-01   1.1841145e-01   6.8480827e-02   7.7519283e-02   1.0472739e-01   1.3331242e-01   1.4747544e-01   1.4678651e-01   1.4750530e-01   4.3537396e-01   1.0000000e+00   4.5730072e-01   1.9136287e-01   1.8760313e-01   1.9685405e-01   2.1731490e-01   2.2523935e-01   2.3649545e-01   2.1780674e-01   1.8662901e-01   2.0529766e-01   1.5575066e-01   1.8943761e-01   7.8854501e-02   8.1022359e-02   7.8534186e-02   1.3282583e-02   7.4381739e-02   1.2541138e-02   7.9078421e-02   1.0690949e-02   1.5789751e-02   1.4875979e-02   1.3476099e-02   1.4203468e-02   1.4725768e-02   1.3303068e-02   1.4878942e-02   1.0152812e-01   2.2561547e-01   2.3485015e-01   2.3765761e-01   2.3685293e-01   2.2934189e-01   2.4748816e-01   1.8839414e-01   1.6815858e-01   1.9037147e-01   1.9809839e-01   2.2613040e-01   1.9344267e-01   2.4437730e-01   6.7253307e-02   1.1199219e-01   1.2914304e-01   1.2535660e-01   1.2527779e-01   1.3185199e-01   6.3101992e-02   6.1421271e-02   5.4562338e-02   5.8884103e-02   4.7974586e-02   8.0014549e-02   6.5441534e-02   5.1426813e-02   6.3229337e-02   5.2696224e-02   3.2239154e-02   4.7166850e-02   3.9443903e-02   3.6204699e-02   3.5381716e-02   4.7667880e-02   1.6557620e-01   8.7562501e-02   7.9387598e-02   1.3488346e-01   1.3556936e-01   1.1287791e-01   1.2076789e-01   5.8457356e-02   1.2081042e-01   5.4323200e-02   1.1274746e-01   1.0769334e-01   2.0017274e-02   7.4115008e-02   4.9414810e-02
   8.5171685e-02   9.3801409e-02   1.3026844e-01   1.3825117e-01   1.4107384e-01   1.2380247e-01   1.3703473e-01   1.2547214e-01   9.2454940e-02   9.5329516e-02   1.2219764e-01   1.4508988e-01   1.4546871e-01   1.4755306e-01   1.4530478e-01   4.2080620e-01   4.5730072e-01   1.0000000e+00   1.8895540e-01   1.9074798e-01   1.9609587e-01   2.3214521e-01   2.4576928e-01   2.3646969e-01   2.3539042e-01   1.8564315e-01   2.1961436e-01   1.7195560e-01   2.1255966e-01   9.6749604e-02   8.1891127e-02   8.8418134e-02   1.5209652e-02   9.0076588e-02   1.3067465e-02   1.0737208e-01   1.6893279e-02   1.6498892e-02   1.4140349e-02   1.5639625e-02   1.1839648e-02   1.2110446e-02   1.4551030e-02   1.3709696e-02   1.2343957e-01   2.3943639e-01   2.4549556e-01   2.6871115e-01   2.5923428e-01   2.5320357e-01   2.6114976e-01   1.7708918e-01   1.5963128e-01   1.9361520e-01   2.0748200e-01   2.4617900e-01   1.9615060e-01   2.4985182e-01   8.7654129e-02   1.2051856e-01   1.2500854e-01   1.4070822e-01   1.3734984e-01   1.4177381e-01   7.1538009e-02   8.2062095e-02   6.4953566e-02   6.9912776e-02   4.8717108e-02   8.7778136e-02   8.7124154e-02   5.9352595e-02   7.8228593e-02   6.9611900e-02   5.1969130e-02   5.7562415e-02   6.8193287e-02   3.5361167e-02   4.2637363e-02   6.0960639e-02   1.6141333e-01   9.0942778e-02   6.8724148e-02   1.6188957e-01   1.7223905e-01   1.4461158e-01   1.5443297e-01   6.7540348e-02   1.3254872e-01   8.0311634e-02   1.1143880e-01   1.0302949e-01   2.1942284e-02   6.0840860e-02   6.4503103e-02
   6.7159384e-02   7.0770018e-02   2.1025501e-01   1.9187757e-01   1.6942552e-01   1.3861459e-01   1.7108600e-01   1.4875491e-01   7.8499191e-02   7.1546942e-02   4.9238835e-02   1.1754329e-01   9.7836427e-02   1.1177272e-01   9.4402067e-02   1.7651068e-01   1.9136287e-01   1.8895540e-01   1.0000000e+00   4.6491250e-01   4.8899883e-01   2.0799699e-01   1.5399127e-01   1.8549795e-01   1.7607208e-01   2.6322994e-01   2.3823069e-01   2.4654169e-01   1.5747955e-01   8.4022865e-02   5.9698652e-02   6.8947427e-02   1.9030444e-02   6.4787641e-02   1.3421991e-02   5.8620024e-02   1.8467547e-02   1.8541714e-02   1.5452564e-02   1.6711924e-02   2.2092232e-02   1.5995286e-02   1.5615254e-02   1.5462429e-02   1.7178196e-01   1.6382270e-01   2.5541571e-01   2.4156143e-01   2.4732383e-01   2.2340377e-01   2.1986505e-01   1.3658562e-01   1.3311930e-01   1.5657389e-01   1.5664376e-01   1.9780982e-01   1.5684055e-01   1.6145356e-01   6.5139167e-02   9.2227325e-02   1.0982384e-01   1.0776296e-01   9.8323084e-02   1.1164214e-01   4.9379766e-02   5.0373264e-02   5.1185422e-02   5.7705015e-02   5.8831874e-02   5.8097154e-02   5.4952856e-02   4.2769067e-02   4.5365617e-02   4.7373857e-02   2.4592945e-02   4.4909537e-02   4.0733121e-02   3.6052123e-02   2.9699469e-02   3.7294403e-02   1.4247346e-01   6.3590713e-02   5.0826404e-02   1.0959804e-01   1.0927535e-01   1.0442562e-01   1.1606894e-01   3.4673594e-02   7.9268530e-02   5.0131574e-02   9.3288392e-02   1.2118493e-01   2.5855621e-02   5.7374209e-02   5.7101075e-02
   6.3070528e-02   6.7792185e-02   1.9738799e-01   1.8302634e-01   1.5562060e-01   1.2632009e-01   1.6227329e-01   1.5947096e-01   7.9320535e-02   7.1616709e-02   6.0960051e-02   1.2114120e-01   9.7249381e-02   1.0919040e-01   9.5685221e-02   1.7435803e-01   1.8760313e-01   1.9074798e-01   4.6491250e-01   1.0000000e+00   4.4606751e-01   1.6719076e-01   1.4457166e-01   1.6765508e-01   1.5168250e-01   2.4263278e-01   2.2482654e-01   2.4112044e-01   1.3812563e-01   8.1881762e-02   6.4764425e-02   6.6714175e-02   1.3540857e-02   5.5537138e-02   1.3435079e-02   5.3909663e-02   1.5069746e-02   1.6445387e-02   1.1952261e-02   1.2832608e-02   1.2781356e-02   1.3656342e-02   1.5860340e-02   1.1781386e-02   1.5937546e-01   1.5319902e-01   2.4344175e-01   2.1548378e-01   2.2542208e-01   2.0376049e-01   2.1417129e-01   1.4290372e-01   1.4101119e-01   1.5672658e-01   1.4031008e-01   1.8841599e-01   1.4608657e-01   1.6785207e-01   5.7997968e-02   9.4186030e-02   1.1853097e-01   9.8094769e-02   9.9850513e-02   1.0585111e-01   5.0881680e-02   4.5058299e-02   5.1235333e-02   6.2701397e-02   6.0316861e-02   5.4792315e-02   6.6870578e-02   5.3688921e-02   5.2978165e-02   5.2312598e-02   2.4984345e-02   5.1574364e-02   4.8186086e-02   4.2832565e-02   3.3444483e-02   4.6839554e-02   1.2913162e-01   5.9185866e-02   6.6822171e-02   9.7278789e-02   1.2291746e-01   1.0555223e-01   1.0225493e-01   3.4707408e-02   7.0882276e-02   4.4953331e-02   8.4244423e-02   9.6910626e-02   2.1074394e-02   5.0839812e-02   5.6773152e-02
   6.8468876e-02   5.4630339e-02   2.0899245e-01   1.7974389e-01   1.6084211e-01   1.3360441e-01   1.6675496e-01   1.3327944e-01   8.7173738e-02   6.4508542e-02   5.1033616e-02   1.0062359e-01   8.7694719e-02   9.8426260e-02   9.6500471e-02   1.9423388e-01   1.9685405e-01   1.9609587e-01   4.8899883e-01   4.4606751e-01   1.0000000e+00   1.8696709e-01   1.4401077e-01   1.7716716e-01   1.6927819e-01   2.3674549e-01   2.3231338e-01   2.4051669e-01   1.4730564e-01   8.1933148e-02   6.8171121e-02   6.8419538e-02   1.5317246e-02   5.3603604e-02   1.2490757e-02   6.0276080e-02   1.2609474e-02   1.4509402e-02   1.0972095e-02   1.1641498e-02   1.6975692e-02   1.4776063e-02   1.4196029e-02   1.4727125e-02   1.7159547e-01   1.6149424e-01   2.8139150e-01   2.3802523e-01   2.6649198e-01   2.0993102e-01   2.3136394e-01   1.6083199e-01   1.4658524e-01   1.6101764e-01   1.4500692e-01   1.9760180e-01   1.6724899e-01   1.7210890e-01   6.3514359e-02   8.8236049e-02   1.0950443e-01   1.1970889e-01   1.1122757e-01   1.1823156e-01   5.5028640e-02   4.0965088e-02   4.6364192e-02   5.5265982e-02   6.0438368e-02   7.8353733e-02   4.9063042e-02   4.7538329e-02   4.5987573e-02   4.7236077e-02   2.4521420e-02   4.8944402e-02   3.8768534e-02   3.4939401e-02   3.3684891e-02   4.0694043e-02   1.3852528e-01   6.7113712e-02   5.2569576e-02   1.0468177e-01   1.0312703e-01   1.0208031e-01   1.2011237e-01   3.6075912e-02   7.9740547e-02   5.1027145e-02   8.9646891e-02   1.3199635e-01   2.3202380e-02   6.0646035e-02   4.7000036e-02
   7.5100943e-02   8.3123475e-02   1.7340142e-01   1.6407536e-01   1.2227702e-01   1.2421564e-01   1.3905467e-01   1.2597886e-01   8.1277452e-02   9.3858100e-02   8.4609926e-02   1.2501821e-01   1.4265953e-01   1.5440024e-01   1.2054625e-01   2.1930666e-01   2.1731490e-01   2.3214521e-01   2.0799699e-01   1.6719076e-01   1.8696709e-01   1.0000000e+00   4.3430582e-01   4.2323148e-01   2.4984032e-01   1.8045269e-01   1.9434473e-01   1.9512546e-01   2.2951397e-01   8.8771470e-02   7.6099917e-02   8.9898556e-02   1.5361186e-02   1.0205611e-01   1.6290400e-02   6.5811619e-02   1.3253639e-02   1.3901365e-02   1.2275953e-02   1.2447910e-02   1.8105302e-02   1.5302513e-02   1.6499724e-02   1.4789439e-02   1.1983608e-01   2.3661603e-01   2.1770023e-01   2.3627299e-01   2.2500245e-01   2.2441010e-01   2.0273615e-01   1.9040477e-01   1.6062701e-01   1.8701378e-01   2.3137653e-01   1.9492830e-01   2.3500307e-01   2.2144820e-01   6.2549159e-02   8.3748966e-02   1.1207599e-01   1.1692364e-01   1.0345319e-01   1.0671768e-01   5.1471617e-02   3.8851146e-02   5.6349315e-02   6.2296189e-02   5.8508676e-02   7.5648718e-02   8.8231608e-02   7.2843120e-02   6.5338686e-02   5.4760106e-02   3.1363409e-02   6.2873356e-02   6.1842680e-02   4.2529985e-02   4.6860494e-02   4.5435391e-02   1.3868126e-01   7.1854755e-02   5.3033698e-02   1.1812539e-01   1.3236241e-01   1.2028103e-01   1.3118614e-01   5.4159869e-02   1.2417374e-01   5.7126865e-02   1.4473113e-01   1.3876992e-01   2.5822259e-02   4.3531787e-02   5.5071201e-02
   1.0121343e-01   1.0206757e-01   1.2020978e-01   1.4180605e-01   1.3623618e-01   1.3670723e-01   1.3582806e-01   1.4347428e-01   9.1581933e-02   9.1280773e-02   1.0053041e-01   1.4480564e-01   1.6173591e-01   1.9233619e-01   1.4687857e-01   2.1714419e-01   2.2523935e-01   2.4576928e-01   1.5399127e-01   1.4457166e-01   1.4401077e-01   4.3430582e-01   1.0000000e+00   3.7455794e-01   2.7522269e-01   1.5515590e-01   1.7491680e-01   1.2250433e-01   2.2981718e-01   1.1486953e-01   8.4204242e-02   9.4982304e-02   1.4230956e-02   8.4107272e-02   1.3178469e-02   8.9803480e-02   1.5626594e-02   1.3579904e-02   1.7980043e-02   1.4449942e-02   1.3219531e-02   1.4352328e-02   1.6910225e-02   1.6509088e-02   1.3611270e-01   2.6613000e-01   1.8947782e-01   2.3393987e-01   2.4568501e-01   2.2380857e-01   2.0878701e-01   1.7960824e-01   1.7369044e-01   1.8194354e-01   2.5989980e-01   1.8910570e-01   2.0181438e-01   2.0436922e-01   9.8434694e-02   9.4665326e-02   1.3478906e-01   1.5178798e-01   1.3427719e-01   1.5246136e-01   6.7989424e-02   5.4495446e-02   6.0672116e-02   6.6695675e-02   6.1515395e-02   8.2667701e-02   8.0102473e-02   6.0850635e-02   9.3062066e-02   6.3680328e-02   4.0544905e-02   4.5779403e-02   6.8171725e-02   4.3952137e-02   4.0226027e-02   3.8863182e-02   1.3123867e-01   8.9978069e-02   6.4242393e-02   1.5932481e-01   1.6339967e-01   1.2493271e-01   1.5407351e-01   4.4009380e-02   1.2452852e-01   9.4122447e-02   1.2196182e-01   1.1016386e-01   2.4091279e-02   5.2111544e-02   5.4425575e-02
   8.0961540e-02   6.6510625e-02   1.5822667e-01   1.5460052e-01   1.1856921e-01   1.1365636e-01   1.2441860e-01   1.1843876e-01   8.6841196e-02   9.9190652e-02   7.8327514e-02   1.4246398e-01   1.8126777e-01   1.8092290e-01   1.4116324e-01   2.2426523e-01   2.3649545e-01   2.3646969e-01   1.8549795e-01   1.6765508e-01   1.7716716e-01   4.2323148e-01   3.7455794e-01   1.0000000e+00   2.3497564e-01   1.5749682e-01   1.9561642e-01   2.0094915e-01   2.1518025e-01   9.5698863e-02   6.2488880e-02   8.0761582e-02   1.7039914e-02   1.1146307e-01   1.6625023e-02   8.1301779e-02   1.5548600e-02   1.2775100e-02   1.4214212e-02   1.1981517e-02   1.5062937e-02   1.6004225e-02   1.3220291e-02   1.3286293e-02   1.1735366e-01   2.4769264e-01   2.1125537e-01   2.3723432e-01   2.1105447e-01   2.0115313e-01   2.0040821e-01   1.9130671e-01   1.6707402e-01   1.8583561e-01   2.2118776e-01   2.0821188e-01   2.3778878e-01   2.1571501e-01   7.3080838e-02   8.6766846e-02   1.4310953e-01   1.4081030e-01   1.2013403e-01   1.2629603e-01   5.7388552e-02   6.6190004e-02   6.7538150e-02   7.2720900e-02   5.8969036e-02   8.5067235e-02   9.9252388e-02   9.6141174e-02   6.9646046e-02   5.2736487e-02   6.3395418e-02   9.3652673e-02   6.7443870e-02   5.0786439e-02   2.6035845e-02   6.2239014e-02   1.1277677e-01   9.4589315e-02   4.8437599e-02   1.2474460e-01   1.2585925e-01   1.5074271e-01   1.4717233e-01   6.7065343e-02   1.1800665e-01   6.5228902e-02   1.2382969e-01   1.4477323e-01   1.7784962e-02   5.7430401e-02   4.3323144e-02
   9.6363910e-02   8.4349744e-02   1.2541111e-01   1.2782820e-01   1.3064481e-01   1.2272944e-01   1.2077784e-01   1.2792639e-01   7.8675725e-02   8.0091812e-02   9.6304119e-02   1.6314057e-01   1.5010102e-01   1.7187178e-01   1.4547443e-01   2.0790890e-01   2.1780674e-01   2.3539042e-01   1.7607208e-01   1.5168250e-01   1.6927819e-01   2.4984032e-01   2.7522269e-01   2.3497564e-01   1.0000000e+00   1.7500064e-01   2.0483913e-01   1.5669703e-01   5.2889287e-01   1.0588083e-01   7.7343717e-02   8.6537860e-02   1.3585840e-02   8.5903689e-02   1.1655302e-02   8.8707842e-02   1.1689176e-02   1.3427603e-02   1.5069014e-02   1.3798863e-02   1.2837855e-02   1.3457327e-02   1.5952792e-02   1.8861689e-02   1.0619544e-01   2.6148236e-01   2.3945192e-01   2.5295258e-01   2.5378141e-01   2.2372827e-01   2.3592392e-01   1.8605074e-01   1.7098626e-01   1.7367867e-01   2.6850632e-01   2.2767566e-01   2.4118952e-01   2.2428298e-01   9.7798668e-02   1.0413890e-01   1.1028966e-01   1.2708649e-01   1.3441826e-01   1.2503588e-01   4.8592482e-02   6.2411521e-02   8.1383787e-02   6.3218653e-02   6.7388862e-02   7.3076211e-02   7.7789746e-02   5.0498296e-02   8.3809450e-02   6.2225860e-02   4.1999243e-02   4.8014268e-02   5.8637358e-02   5.3353932e-02   4.8925590e-02   5.0680932e-02   1.3903585e-01   8.0921680e-02   9.3775123e-02   1.2899770e-01   1.4486732e-01   1.2202291e-01   1.4588445e-01   4.3508805e-02   1.0905576e-01   7.8245476e-02   1.2810914e-01   1.1102030e-01   2.1886313e-02   4.9005490e-02   5.2462682e-02
   8.8415511e-02   8.1796117e-02   1.7496862e-01   1.7446797e-01   1.7162856e-01   1.5211505e-01   1.8998097e-01   1.5371218e-01   6.7091867e-02   9.4997726e-02   5.6108288e-02   1.1463866e-01   1.1183776e-01   1.2366414e-01   1.2083413e-01   1.6948682e-01   1.8662901e-01   1.8564315e-01   2.6322994e-01   2.4263278e-01   2.3674549e-01   1.8045269e-01   1.5515590e-01   1.5749682e-01   1.7500064e-01   1.0000000e+00   4.5483941e-01   2.8305611e-01   1.5500501e-01   9.4658419e-02   7.5435951e-02   7.4596345e-02   1.4483597e-02   6.0040507e-02   1.9373072e-02   7.0924044e-02   1.2271185e-02   1.4587018e-02   1.5743976e-02   1.9126318e-02   1.4661735e-02   2.2288455e-02   1.9419234e-02   1.9045915e-02   1.7374165e-01   1.7296793e-01   2.4882786e-01   2.2259104e-01   2.3462225e-01   2.0665213e-01   2.1950111e-01   1.8422323e-01   1.7612113e-01   2.0057639e-01   1.6888092e-01   1.9928838e-01   1.4432313e-01   1.9525820e-01   6.0867518e-02   7.2282001e-02   1.3054413e-01   9.3215406e-02   1.0454869e-01   1.0209019e-01   6.1039079e-02   7.6438852e-02   5.3252481e-02   6.6142403e-02   5.7398394e-02   7.1510360e-02   5.5623244e-02   4.4289984e-02   5.7391260e-02   6.2824056e-02   3.2536354e-02   2.9794909e-02   5.0933402e-02   3.9478336e-02   4.1228648e-02   5.2694954e-02   1.5418768e-01   8.3734378e-02   5.5263009e-02   9.7209893e-02   1.1208085e-01   9.4573282e-02   1.2124225e-01   3.5327490e-02   8.3635010e-02   5.6397505e-02   9.5392056e-02   7.8846522e-02   1.9569250e-02   6.5803155e-02   5.0759260e-02
