   1.0000000e+00   5.4545498e-01   2.9729700e-01   5.3125000e-01   4.5945901e-01   1.9047600e-01   3.3333299e-01   5.2631599e-01   6.9999999e-01   6.0000002e-01   4.2857099e-01   5.4054099e-01   6.4705902e-01   2.0833300e-01   3.7209299e-01   7.3170997e-02   5.0000000e-01   2.3255800e-01   1.2500000e-01   4.4444400e-01   1.9047600e-01   4.2500001e-01   4.7058800e-01   4.6512000e-02   2.8205100e-01   1.0416700e-01   6.6666998e-02   3.6363599e-01   6.8181999e-02   7.0175000e-02   8.0645002e-02   2.5999999e-01   7.6922998e-02   6.6666998e-02   4.1463399e-01   4.1666701e-01   4.7368401e-01   4.1666701e-01   4.1463399e-01   5.5555999e-02   7.6922998e-02   4.1666999e-02   3.4883699e-01   1.0416700e-01   2.7777800e-01   5.0000000e-01   4.0000001e-01   3.0612200e-01   1.2903200e-01   3.6363599e-01   1.2500000e-01   3.7837800e-01   2.6666701e-01   9.5238000e-02
   5.4545498e-01   1.0000000e+00   3.8709700e-01   8.3333302e-01   6.8965501e-01   1.8421100e-01   3.8709700e-01   3.5897401e-01   7.6923102e-01   4.5714301e-01   6.0714298e-01   3.6842099e-01   3.7837800e-01   1.8840601e-01   4.5945901e-01   8.3333001e-02   3.3333299e-01   3.3333299e-01   6.5217003e-02   6.2068999e-01   1.8421100e-01   6.7741901e-01   5.0000000e-01   1.1111100e-01   3.2352901e-01   9.0908997e-02   4.8780002e-02   4.4736800e-01   1.0526300e-01   7.6922998e-02   5.0847001e-02   3.8095200e-01   2.7778000e-02   4.8780002e-02   3.5897401e-01   5.8620697e-01   6.9999999e-01   5.8620697e-01   5.1428598e-01   6.1223999e-02   3.1746000e-02   9.7561002e-02   4.7222200e-01   1.1627900e-01   2.0754699e-01   8.3999997e-01   5.0000000e-01   4.0476200e-01   1.4035100e-01   4.4736800e-01   1.1538500e-01   4.3750000e-01   3.0000001e-01   2.5000000e-02
   2.9729700e-01   3.8709700e-01   1.0000000e+00   4.6428600e-01   3.5294101e-01   1.0526300e-01   8.1818199e-01   2.5000000e-01   3.4375000e-01   2.9729700e-01   4.4827601e-01   2.5641000e-01   2.6315799e-01   1.6176499e-01   2.7500001e-01   2.0000000e-01   2.5641000e-01   7.3076898e-01   1.2195100e-01   3.7500000e-01   1.0526300e-01   2.8947401e-01   4.0000001e-01   2.3333301e-01   7.5000000e-01   1.5384600e-01   2.1212099e-01   4.0540501e-01   2.1875000e-01   2.0454501e-01   1.1320800e-01   3.0952400e-01   2.1428600e-01   2.1212099e-01   2.5000000e-01   4.3333301e-01   2.9729700e-01   4.3333301e-01   4.7058800e-01   1.6666700e-01   1.0714300e-01   3.1250000e-01   2.5000000e-01   2.5000000e-01   3.8636401e-01   3.4375000e-01   2.9729700e-01   2.4444400e-01   2.1568599e-01   3.0000001e-01   2.5000000e-01   3.0303001e-01   5.3125000e-01   2.7027000e-02
   5.3125000e-01   8.3333302e-01   4.6428600e-01   1.0000000e+00   6.7857099e-01   1.6216201e-01   4.6428600e-01   3.4210500e-01   6.2963003e-01   4.4117600e-01   7.2000003e-01   3.5135099e-01   3.6111099e-01   1.9403000e-01   4.4444400e-01   5.7142999e-02   3.1578901e-01   3.5294101e-01   4.4443998e-02   6.6666698e-01   1.6216201e-01   5.6250000e-01   5.3571397e-01   1.1764700e-01   3.8709700e-01   4.5455001e-02   7.8947000e-02   4.7222200e-01   5.2632000e-02   7.9999998e-02   3.4483001e-02   3.6585400e-01   2.9412000e-02   7.8947000e-02   3.4210500e-01   6.9230801e-01   5.8064502e-01   6.9230801e-01   5.4545498e-01   4.1666999e-02   5.0000001e-02   1.0256400e-01   4.5714301e-01   1.2195100e-01   2.3999999e-01   6.9230801e-01   4.8484799e-01   3.9024401e-01   1.0526300e-01   4.7222200e-01   9.8039001e-02   5.1724100e-01   3.5135099e-01   2.6316000e-02
   4.5945901e-01   6.8965501e-01   3.5294101e-01   6.7857099e-01   1.0000000e+00   1.4285700e-01   3.5294101e-01   3.3333299e-01   5.8064502e-01   4.2105299e-01   6.0000002e-01   2.7906999e-01   3.1707299e-01   2.3188400e-01   6.2857097e-01   7.6922998e-02   3.0952400e-01   2.7500001e-01   6.1223999e-02   7.2413802e-01   1.4285700e-01   5.2777803e-01   4.5454499e-01   1.0256400e-01   3.7142900e-01   8.5106000e-02   9.5238000e-02   4.8717901e-01   9.7561002e-02   9.2592999e-02   4.8386998e-02   4.8780501e-01   5.2632000e-02   9.5238000e-02   3.3333299e-01   5.8064502e-01   5.8823502e-01   5.8064502e-01   4.3589699e-01   7.8431003e-02   6.2500000e-02   9.0908997e-02   4.7368401e-01   1.0869600e-01   2.1818200e-01   5.8064502e-01   4.2105299e-01   4.7619000e-01   1.3333300e-01   5.2631599e-01   1.5094300e-01   4.8484799e-01   2.7906999e-01   4.7619000e-02
   1.9047600e-01   1.8421100e-01   1.0526300e-01   1.6216201e-01   1.4285700e-01   1.0000000e+00   1.0526300e-01   2.3809500e-01   1.8421100e-01   2.1951200e-01   1.2820500e-01   3.4210500e-01   2.5000000e-01   1.2500000e-01   1.5217400e-01   8.5713997e-02   3.4210500e-01   9.3023002e-02   3.7142900e-01   1.7948700e-01   1.0000000e+00   1.5909100e-01   1.5789500e-01   5.4053999e-02   1.0000000e-01   9.3023002e-02   7.6922998e-02   1.7391300e-01   5.1282000e-02   1.0000000e-01   1.0909100e-01   1.4000000e-01   2.8571000e-02   7.6922998e-02   3.3333299e-01   1.2500000e-01   1.9047600e-01   1.2500000e-01   1.0638300e-01   2.0000000e-02   1.0344800e-01   7.3170997e-02   1.5555599e-01   1.4634100e-01   6.7796998e-02   1.8421100e-01   1.6279100e-01   1.3725500e-01   8.4746003e-02   1.4893600e-01   5.5555999e-02   1.2500000e-01   8.5106000e-02   1.1111100e-01
   3.3333299e-01   3.8709700e-01   8.1818199e-01   4.6428600e-01   3.5294101e-01   1.0526300e-01   1.0000000e+00   2.8205100e-01   3.8709700e-01   3.3333299e-01   4.0000001e-01   2.8947401e-01   2.9729700e-01   1.6176499e-01   2.7500001e-01   2.0000000e-01   2.8947401e-01   6.0714298e-01   1.2195100e-01   3.3333299e-01   1.0526300e-01   2.5641000e-01   4.0000001e-01   1.5625000e-01   8.2608700e-01   1.5384600e-01   2.5000000e-01   4.0540501e-01   2.1875000e-01   1.5217400e-01   1.1320800e-01   2.7906999e-01   2.1428600e-01   2.5000000e-01   2.8205100e-01   3.4375000e-01   2.6315799e-01   3.4375000e-01   4.7058800e-01   1.9512200e-01   1.2727299e-01   2.3529400e-01   2.1951200e-01   2.5000000e-01   4.5238101e-01   3.4375000e-01   2.9729700e-01   2.1739100e-01   2.1568599e-01   2.6829299e-01   2.7906999e-01   3.4375000e-01   6.3333303e-01   2.7027000e-02
   5.2631599e-01   3.5897401e-01   2.5000000e-01   3.4210500e-01   3.3333299e-01   2.3809500e-01   2.8205100e-01   1.0000000e+00   3.9473701e-01   4.8717901e-01   3.0000001e-01   6.3888901e-01   8.1250000e-01   2.0270300e-01   2.9787201e-01   9.5238000e-02   5.1282102e-01   1.9565199e-01   1.4285700e-01   3.4999999e-01   2.3809500e-01   2.8260899e-01   3.3333299e-01   4.4443998e-02   2.6829299e-01   1.0000000e-01   8.6957000e-02   3.1914899e-01   6.5217003e-02   1.0526300e-01   7.8125000e-02   2.2641499e-01   7.3170997e-02   8.6957000e-02   7.1428603e-01   2.9268301e-01   3.1818199e-01   2.9268301e-01   3.0434799e-01   7.2727002e-02   9.0908997e-02   6.1223999e-02   2.7659601e-01   1.0000000e-01   2.6785699e-01   3.2499999e-01   2.8888899e-01   2.9411799e-01   1.2500000e-01   2.6530600e-01   1.4035100e-01   3.2499999e-01   2.5531900e-01   9.0908997e-02
   6.9999999e-01   7.6923102e-01   3.4375000e-01   6.2963003e-01   5.8064502e-01   1.8421100e-01   3.8709700e-01   3.9473701e-01   1.0000000e+00   5.4545498e-01   5.0000000e-01   4.4444400e-01   4.5714301e-01   1.8840601e-01   3.8461500e-01   8.3333001e-02   4.0540501e-01   2.6315799e-01   6.5217003e-02   5.1612902e-01   1.8421100e-01   5.7575798e-01   5.5172402e-01   5.2632000e-02   3.2352901e-01   9.0908997e-02   7.5000003e-02   3.7500000e-01   1.0526300e-01   3.7037000e-02   5.0847001e-02   3.1818199e-01   2.7778000e-02   7.5000003e-02   3.9473701e-01   4.8387101e-01   5.4545498e-01   4.8387101e-01   3.9473701e-01   8.3333001e-02   4.8386998e-02   4.6512000e-02   3.9473701e-01   1.1627900e-01   2.3076899e-01   7.0370400e-01   4.5714301e-01   3.7209299e-01   1.4035100e-01   3.7500000e-01   1.3725500e-01   4.3750000e-01   2.6829299e-01   2.5000000e-02
   6.0000002e-01   4.5714301e-01   2.9729700e-01   4.4117600e-01   4.2105299e-01   2.1951200e-01   3.3333299e-01   4.8717901e-01   5.4545498e-01   1.0000000e+00   3.5135099e-01   3.9024401e-01   4.7368401e-01   1.9178100e-01   3.1111100e-01   7.3170997e-02   3.5714301e-01   2.3255800e-01   7.9999998e-02   4.0540501e-01   2.1951200e-01   4.2500001e-01   5.1515198e-01   4.6512000e-02   3.1578901e-01   8.1633002e-02   9.0908997e-02   2.7659601e-01   4.4443998e-02   1.0909100e-01   1.1666700e-01   2.5999999e-01   7.6922998e-02   9.0908997e-02   4.4999999e-01   3.4210500e-01   3.6585400e-01   3.4210500e-01   3.4883699e-01   5.5555999e-02   1.1111100e-01   4.1666999e-02   3.4883699e-01   1.0416700e-01   2.7777800e-01   4.1666701e-01   3.6585400e-01   3.0612200e-01   1.2903200e-01   3.0434799e-01   1.4545500e-01   3.4210500e-01   2.9545501e-01   1.5000001e-01
   4.2857099e-01   6.0714298e-01   4.4827601e-01   7.2000003e-01   6.0000002e-01   1.2820500e-01   4.0000001e-01   3.0000001e-01   5.0000000e-01   3.5135099e-01   1.0000000e+00   3.0769199e-01   3.1578901e-01   1.7391300e-01   3.5897401e-01   2.7027000e-02   3.0769199e-01   3.4285700e-01   2.1276999e-02   5.8620697e-01   1.2820500e-01   5.0000000e-01   4.6666700e-01   1.1428600e-01   5.1724100e-01   2.1739000e-02   5.0000001e-02   5.0000000e-01   2.5000000e-02   7.8431003e-02   1.6666999e-02   2.9545501e-01   2.8571000e-02   5.0000001e-02   3.0000001e-01   8.7500000e-01   5.1515198e-01   8.7500000e-01   5.2941197e-01   6.2500000e-02   3.2258000e-02   1.0000000e-01   4.0540501e-01   1.1904800e-01   2.1153800e-01   5.0000000e-01   6.1290300e-01   3.1818199e-01   8.4746003e-02   3.8461500e-01   9.6153997e-02   6.6666698e-01   3.0769199e-01   2.5641000e-02
   5.4054099e-01   3.6842099e-01   2.5641000e-01   3.5135099e-01   2.7906999e-01   3.4210500e-01   2.8947401e-01   6.3888901e-01   4.4444400e-01   3.9024401e-01   3.0769199e-01   1.0000000e+00   7.8125000e-01   1.7333300e-01   2.5000000e-01   7.1428999e-02   7.5757599e-01   2.0000000e-01   1.9565199e-01   3.5897401e-01   3.4210500e-01   2.6087001e-01   3.4210500e-01   4.5455001e-02   2.4390200e-01   1.0204100e-01   6.5217003e-02   3.2608700e-01   6.6666998e-02   6.8966001e-02   4.6154000e-02   2.0754699e-01   2.3809999e-02   6.5217003e-02   7.3529398e-01   3.0000001e-01   3.5714301e-01   3.0000001e-01   2.5531900e-01   3.5714000e-02   4.4117998e-02   4.0816002e-02   2.8260899e-01   1.0204100e-01   1.6666700e-01   3.3333299e-01   2.9545501e-01   2.7451000e-01   1.0937500e-01   2.4489801e-01   8.4746003e-02   3.3333299e-01   2.0833300e-01   2.1739000e-02
   6.4705902e-01   3.7837800e-01   2.6315799e-01   3.6111099e-01   3.1707299e-01   2.5000000e-01   2.9729700e-01   8.1250000e-01   4.5714301e-01   4.7368401e-01   3.1578901e-01   7.8125000e-01   1.0000000e+00   1.7567600e-01   3.1111100e-01   7.3170997e-02   5.8333302e-01   2.0454501e-01   1.4893600e-01   3.6842099e-01   2.5000000e-01   2.9545501e-01   3.5135099e-01   4.6512000e-02   2.5000000e-01   1.0416700e-01   6.6666998e-02   3.3333299e-01   6.8181999e-02   1.0909100e-01   8.0645002e-02   2.3529400e-01   7.6922998e-02   6.6666998e-02   5.6756800e-01   3.0769199e-01   3.3333299e-01   3.0769199e-01   3.1818199e-01   5.5555999e-02   7.6922998e-02   4.1666999e-02   2.8888899e-01   1.0416700e-01   2.3214300e-01   3.4210500e-01   3.0232599e-01   3.0612200e-01   1.2903200e-01   2.7659601e-01   1.2500000e-01   3.4210500e-01   2.6666701e-01   9.5238000e-02
   2.0833300e-01   1.8840601e-01   1.6176499e-01   1.9403000e-01   2.3188400e-01   1.2500000e-01   1.6176499e-01   2.1917801e-01   1.8840601e-01   1.9178100e-01   1.7391300e-01   1.7333300e-01   1.7567600e-01   1.0000000e+00   2.1621600e-01   1.1940300e-01   2.0547900e-01   1.3513499e-01   1.9718300e-01   2.2058800e-01   1.2500000e-01   1.8918900e-01   1.4084500e-01   1.0144900e-01   1.5714300e-01   1.5068500e-01   1.1267600e-01   1.9736800e-01   6.8493001e-02   1.0843400e-01   1.0112400e-01   2.2077900e-01   7.3528998e-02   1.1267600e-01   2.0270300e-01   1.7142899e-01   2.6087001e-01   1.7142899e-01   2.0270300e-01   8.6420000e-02   7.4468002e-02   1.2500000e-01   2.0270300e-01   1.6666700e-01   1.3636400e-01   2.0588200e-01   1.9178100e-01   2.6666701e-01   1.6091999e-01   2.2973000e-01   1.8987300e-01   1.5493000e-01   1.5789500e-01   1.3158000e-02
   3.7209299e-01   4.5945901e-01   2.7500001e-01   4.4444400e-01   6.2857097e-01   1.5217400e-01   2.7500001e-01   2.9787201e-01   3.8461500e-01   3.1111100e-01   3.5897401e-01   2.5000000e-01   3.1111100e-01   2.1621600e-01   1.0000000e+00   9.3023002e-02   2.7659601e-01   2.1739100e-01   7.5471997e-02   4.8648599e-01   1.5217400e-01   3.9534900e-01   3.2499999e-01   9.0908997e-02   2.6190501e-01   9.8039001e-02   1.0869600e-01   3.4042600e-01   8.6957000e-02   1.0344800e-01   9.3750000e-02   5.7142901e-01   7.1428999e-02   8.5106000e-02   2.9787201e-01   3.4999999e-01   4.3902400e-01   3.4999999e-01   3.2608700e-01   9.0908997e-02   8.9552000e-02   8.1633002e-02   3.5555601e-01   1.2000000e-01   2.0000000e-01   4.2105299e-01   3.1111100e-01   6.3414598e-01   1.4062500e-01   5.7499999e-01   1.5789500e-01   2.8571400e-01   2.7659601e-01   8.8889003e-02
   7.3170997e-02   8.3333001e-02   2.0000000e-01   5.7142999e-02   7.6922998e-02   8.5713997e-02   2.0000000e-01   9.5238000e-02   8.3333001e-02   7.3170997e-02   2.7027000e-02   7.1428999e-02   7.3170997e-02   1.1940300e-01   9.3023002e-02   1.0000000e+00   7.1428999e-02   2.0588200e-01   3.5483900e-01   1.1111100e-01   8.5713997e-02   7.1428999e-02   8.5713997e-02   2.6923099e-01   1.8750000e-01   5.1851898e-01   3.3333299e-01   2.3076899e-01   2.5000000e-01   2.2499999e-01   2.2222200e-01   2.1428600e-01   5.0000000e-01   2.8571400e-01   9.5238000e-02   5.4053999e-02   1.5789500e-01   5.4053999e-02   2.4324299e-01   2.5000000e-01   2.0833300e-01   2.2580600e-01   1.2195100e-01   4.1379300e-01   1.4000000e-01   8.3333001e-02   1.2820500e-01   1.5555599e-01   1.8367299e-01   2.0000000e-01   1.8604700e-01   5.4053999e-02   2.5000000e-01   6.2500000e-02
   4.2500001e-01   3.0000001e-01   2.5641000e-01   3.5135099e-01   3.0952400e-01   3.4210500e-01   2.8947401e-01   5.1282102e-01   4.0540501e-01   3.9024401e-01   3.0769199e-01   7.5757599e-01   5.8333302e-01   2.0547900e-01   2.7659601e-01   7.1428999e-02   1.0000000e+00   2.0000000e-01   2.2222200e-01   3.5897401e-01   3.4210500e-01   2.8888899e-01   3.4210500e-01   4.5455001e-02   2.4390200e-01   1.0204100e-01   6.5217003e-02   3.5555601e-01   6.6666998e-02   6.8966001e-02   4.6154000e-02   2.3076899e-01   2.3809999e-02   6.5217003e-02   7.3529398e-01   3.0000001e-01   3.5714301e-01   3.0000001e-01   2.5531900e-01   3.5714000e-02   4.4117998e-02   4.0816002e-02   2.8260899e-01   1.0204100e-01   1.8644100e-01   3.3333299e-01   3.2558101e-01   2.7451000e-01   1.0937500e-01   2.4489801e-01   8.4746003e-02   3.3333299e-01   2.0833300e-01   2.1739000e-02
   2.3255800e-01   3.3333299e-01   7.3076898e-01   3.5294101e-01   2.7500001e-01   9.3023002e-02   6.0714298e-01   1.9565199e-01   2.6315799e-01   2.3255800e-01   3.4285700e-01   2.0000000e-01   2.0454501e-01   1.3513499e-01   2.1739100e-01   2.0588200e-01   2.0000000e-01   1.0000000e+00   1.3333300e-01   2.8947401e-01   9.3023002e-02   2.5581399e-01   3.0555600e-01   2.0000000e-01   5.6666702e-01   1.6279100e-01   1.5384600e-01   3.5714301e-01   2.2222200e-01   2.0833300e-01   1.0344800e-01   2.5000000e-01   1.8181799e-01   1.5384600e-01   1.9565199e-01   3.3333299e-01   2.6190501e-01   3.3333299e-01   4.1025600e-01   2.2727300e-01   1.1666700e-01   3.0555600e-01   2.2222200e-01   2.1951200e-01   3.7500000e-01   2.9729700e-01   2.6190501e-01   1.9607800e-01   2.6415101e-01   2.3913001e-01   2.0000000e-01   2.3076899e-01   4.5945901e-01   2.3809999e-02
   1.2500000e-01   6.5217003e-02   1.2195100e-01   4.4443998e-02   6.1223999e-02   3.7142900e-01   1.2195100e-01   1.4285700e-01   6.5217003e-02   7.9999998e-02   2.1276999e-02   1.9565199e-01   1.4893600e-01   1.9718300e-01   7.5471997e-02   3.5483900e-01   2.2222200e-01   1.3333300e-01   1.0000000e+00   6.3830003e-02   3.7142900e-01   5.7691999e-02   6.6666998e-02   1.0256400e-01   1.1627900e-01   2.7500001e-01   1.7948700e-01   1.3725500e-01   1.5384600e-01   1.5686300e-01   1.6071400e-01   1.2963000e-01   2.1212099e-01   1.5000001e-01   1.9148900e-01   4.2553000e-02   1.4893600e-01   4.2553000e-02   1.2000000e-01   1.2244900e-01   1.3333300e-01   1.4285700e-01   9.8039001e-02   2.7500001e-01   9.8361000e-02   6.5217003e-02   1.0204100e-01   1.0714300e-01   1.3333300e-01   1.3725500e-01   1.2963000e-01   4.2553000e-02   1.7021300e-01   4.7619000e-02
   4.4444400e-01   6.2068999e-01   3.7500000e-01   6.6666698e-01   7.2413802e-01   1.7948700e-01   3.3333299e-01   3.4999999e-01   5.1612902e-01   4.0540501e-01   5.8620697e-01   3.5897401e-01   3.6842099e-01   2.2058800e-01   4.8648599e-01   1.1111100e-01   3.5897401e-01   2.8947401e-01   6.3830003e-02   1.0000000e+00   1.7948700e-01   4.7222200e-01   4.8387101e-01   1.0810800e-01   3.5294101e-01   8.8889003e-02   1.0000000e-01   5.1351398e-01   7.5000003e-02   7.5471997e-02   5.0000001e-02   4.7499999e-01   2.7027000e-02   1.0000000e-01   3.4999999e-01   5.6666702e-01   4.8571399e-01   5.6666702e-01   3.8461500e-01   5.9999999e-02   6.4516000e-02   1.2195100e-01   5.4285699e-01   1.1363600e-01   2.0370400e-01   5.1612902e-01   4.0540501e-01   4.6341500e-01   1.1864400e-01   5.1351398e-01   1.3461500e-01   4.6875000e-01   2.9268301e-01   2.4390001e-02
   1.9047600e-01   1.8421100e-01   1.0526300e-01   1.6216201e-01   1.4285700e-01   1.0000000e+00   1.0526300e-01   2.3809500e-01   1.8421100e-01   2.1951200e-01   1.2820500e-01   3.4210500e-01   2.5000000e-01   1.2500000e-01   1.5217400e-01   8.5713997e-02   3.4210500e-01   9.3023002e-02   3.7142900e-01   1.7948700e-01   1.0000000e+00   1.5909100e-01   1.5789500e-01   5.4053999e-02   1.0000000e-01   9.3023002e-02   7.6922998e-02   1.7391300e-01   5.1282000e-02   1.0000000e-01   1.0909100e-01   1.4000000e-01   2.8571000e-02   7.6922998e-02   3.3333299e-01   1.2500000e-01   1.9047600e-01   1.2500000e-01   1.0638300e-01   2.0000000e-02   1.0344800e-01   7.3170997e-02   1.5555599e-01   1.4634100e-01   6.7796998e-02   1.8421100e-01   1.6279100e-01   1.3725500e-01   8.4746003e-02   1.4893600e-01   5.5555999e-02   1.2500000e-01   8.5106000e-02   1.1111100e-01
   4.2500001e-01   6.7741901e-01   2.8947401e-01   5.6250000e-01   5.2777803e-01   1.5909100e-01   2.5641000e-01   2.8260899e-01   5.7575798e-01   4.2500001e-01   5.0000000e-01   2.6087001e-01   2.6666701e-01   1.8918900e-01   3.9534900e-01   7.1428999e-02   2.8888899e-01   2.5581399e-01   5.7691999e-02   4.7222200e-01   1.5909100e-01   1.0000000e+00   5.0000000e-01   9.5238000e-02   2.7500001e-01   7.9999998e-02   4.2553000e-02   3.8636401e-01   9.0908997e-02   6.8966001e-02   4.6154000e-02   3.3333299e-01   2.3809999e-02   4.2553000e-02   2.8260899e-01   4.8571399e-01   5.4054099e-01   4.8571399e-01   3.7209299e-01   5.4545000e-02   2.8986000e-02   8.5106000e-02   6.8571401e-01   1.0204100e-01   1.8644100e-01   6.2500000e-01   4.2500001e-01   3.5416701e-01   1.2698400e-01   3.8636401e-01   1.0344800e-01   3.6842099e-01   2.0833300e-01   2.1739000e-02
   4.7058800e-01   5.0000000e-01   4.0000001e-01   5.3571397e-01   4.5454499e-01   1.5789500e-01   4.0000001e-01   3.3333299e-01   5.5172402e-01   5.1515198e-01   4.6666700e-01   3.4210500e-01   3.5135099e-01   1.4084500e-01   3.2499999e-01   8.5713997e-02   3.4210500e-01   3.0555600e-01   6.6666998e-02   4.8387101e-01   1.5789500e-01   5.0000000e-01   1.0000000e+00   5.4053999e-02   4.1935501e-01   6.8181999e-02   7.6922998e-02   3.4999999e-01   5.1282000e-02   3.7735999e-02   5.1724002e-02   2.6666701e-01   2.8571000e-02   7.6922998e-02   3.6842099e-01   4.5161301e-01   3.8888901e-01   4.5161301e-01   3.0000001e-01   4.0816002e-02   4.9180001e-02   4.7619000e-02   4.4444400e-01   1.1904800e-01   2.1153800e-01   4.0625000e-01   3.8888901e-01   3.4883699e-01   1.2280700e-01   3.4999999e-01   9.6153997e-02   4.5161301e-01   3.0769199e-01   2.5641000e-02
   4.6512000e-02   1.1111100e-01   2.3333301e-01   1.1764700e-01   1.0256400e-01   5.4053999e-02   1.5625000e-01   4.4443998e-02   5.2632000e-02   4.6512000e-02   1.1428600e-01   4.5455001e-02   4.6512000e-02   1.0144900e-01   9.0908997e-02   2.6923099e-01   4.5455001e-02   2.0000000e-01   1.0256400e-01   1.0810800e-01   5.4053999e-02   9.5238000e-02   5.4053999e-02   1.0000000e+00   1.4705899e-01   1.6666700e-01   2.3333301e-01   1.9512200e-01   1.6129000e-01   2.8205100e-01   1.4285700e-01   1.5555599e-01   2.9166701e-01   1.9354799e-01   4.4443998e-02   1.4285700e-01   9.7561002e-02   1.4285700e-01   2.3684201e-01   1.5000001e-01   1.5686300e-01   3.4482801e-01   9.3023002e-02   1.6666700e-01   9.4339997e-02   1.1111100e-01   4.6512000e-02   8.1633002e-02   1.1320800e-01   8.8889003e-02   1.3043500e-01   8.1081003e-02   1.2195100e-01   6.0605999e-02
   2.8205100e-01   3.2352901e-01   7.5000000e-01   3.8709700e-01   3.7142900e-01   1.0000000e-01   8.2608700e-01   2.6829299e-01   3.2352901e-01   3.1578901e-01   5.1724100e-01   2.4390200e-01   2.5000000e-01   1.5714300e-01   2.6190501e-01   1.8750000e-01   2.4390200e-01   5.6666702e-01   1.1627900e-01   3.5294101e-01   1.0000000e-01   2.7500001e-01   4.1935501e-01   1.4705899e-01   1.0000000e+00   1.4634100e-01   2.3529400e-01   4.5945901e-01   2.0588200e-01   1.4583300e-01   1.0909100e-01   2.9545501e-01   2.0000000e-01   2.3529400e-01   2.6829299e-01   4.5161301e-01   2.8205100e-01   4.5161301e-01   4.0540501e-01   1.8604700e-01   1.2280700e-01   2.2222200e-01   2.3809500e-01   2.7026999e-01   4.0000001e-01   2.8571400e-01   3.8888901e-01   2.0833300e-01   2.0754699e-01   2.8571400e-01   2.6666701e-01   4.0625000e-01   5.4545498e-01   2.5641000e-02
   1.0416700e-01   9.0908997e-02   1.5384600e-01   4.5455001e-02   8.5106000e-02   9.3023002e-02   1.5384600e-01   1.0000000e-01   9.0908997e-02   8.1633002e-02   2.1739000e-02   1.0204100e-01   1.0416700e-01   1.5068500e-01   9.8039001e-02   5.1851898e-01   1.0204100e-01   1.6279100e-01   2.7500001e-01   8.8889003e-02   9.3023002e-02   7.9999998e-02   6.8181999e-02   1.6666700e-01   1.4634100e-01   1.0000000e+00   4.5161301e-01   2.1276601e-01   2.9411799e-01   2.6087001e-01   2.5490201e-01   2.2449000e-01   3.0000001e-01   4.5161301e-01   1.0000000e-01   2.1276999e-02   1.7777801e-01   2.1276999e-02   1.9565199e-01   3.8461500e-01   2.8846201e-01   2.0512800e-01   1.0000000e-01   4.2857099e-01   1.3793100e-01   9.0908997e-02   1.0416700e-01   1.5094300e-01   2.8846201e-01   1.4000000e-01   3.0434799e-01   2.1276999e-02   2.0000000e-01   2.3809999e-02
   6.6666998e-02   4.8780002e-02   2.1212099e-01   7.8947000e-02   9.5238000e-02   7.6922998e-02   2.5000000e-01   8.6957000e-02   7.5000003e-02   9.0908997e-02   5.0000001e-02   6.5217003e-02   6.6666998e-02   1.1267600e-01   1.0869600e-01   3.3333299e-01   6.5217003e-02   1.5384600e-01   1.7948700e-01   1.0000000e-01   7.6922998e-02   4.2553000e-02   7.6922998e-02   2.3333301e-01   2.3529400e-01   4.5161301e-01   1.0000000e+00   2.0930199e-01   2.1875000e-01   2.9268301e-01   2.8260899e-01   1.2244900e-01   3.6000001e-01   8.1818199e-01   8.6957000e-02   7.5000003e-02   4.3478001e-02   7.5000003e-02   1.6279100e-01   3.6111099e-01   3.4782600e-01   2.0000000e-01   4.1666999e-02   4.0625000e-01   1.7307700e-01   4.8780002e-02   4.3478001e-02   5.6604002e-02   2.6530600e-01   8.3333001e-02   3.4146300e-01   7.5000003e-02   1.9512200e-01   8.5713997e-02
   3.6363599e-01   4.4736800e-01   4.0540501e-01   4.7222200e-01   4.8717901e-01   1.7391300e-01   4.0540501e-01   3.1914899e-01   3.7500000e-01   2.7659601e-01   5.0000000e-01   3.2608700e-01   3.3333299e-01   1.9736800e-01   3.4042600e-01   2.3076899e-01   3.5555601e-01   3.5714301e-01   1.3725500e-01   5.1351398e-01   1.7391300e-01   3.8636401e-01   3.4999999e-01   1.9512200e-01   4.5945901e-01   2.1276601e-01   2.0930199e-01   1.0000000e+00   1.5909100e-01   1.8181799e-01   1.4516100e-01   3.9583299e-01   1.7948700e-01   2.0930199e-01   2.9166701e-01   4.8648599e-01   4.2857099e-01   4.8648599e-01   4.7619000e-01   1.7307700e-01   1.3846201e-01   2.0000000e-01   4.0909100e-01   2.3913001e-01   2.3728800e-01   3.7500000e-01   3.9534900e-01   3.3333299e-01   2.1311501e-01   3.6170200e-01   1.9642900e-01   4.1025600e-01   3.2608700e-01   2.0408001e-02
   6.8181999e-02   1.0526300e-01   2.1875000e-01   5.2632000e-02   9.7561002e-02   5.1282000e-02   2.1875000e-01   6.5217003e-02   1.0526300e-01   4.4443998e-02   2.5000000e-02   6.6666998e-02   6.8181999e-02   6.8493001e-02   8.6957000e-02   2.5000000e-01   6.6666998e-02   2.2222200e-01   1.5384600e-01   7.5000003e-02   5.1282000e-02   9.0908997e-02   5.1282000e-02   1.6129000e-01   2.0588200e-01   2.9411799e-01   2.1875000e-01   1.5909100e-01   1.0000000e+00   1.3043500e-01   1.3725500e-01   2.0000000e-01   2.2222200e-01   2.1875000e-01   6.5217003e-02   2.4390001e-02   9.3023002e-02   2.4390001e-02   1.1363600e-01   4.1176501e-01   1.5094300e-01   5.7692301e-01   4.2553000e-02   2.2222200e-01   2.0000000e-01   1.0526300e-01   4.4443998e-02   1.0000000e-01   2.2000000e-01   6.2500000e-02   2.0000000e-01   2.4390001e-02   2.3076899e-01   2.7778000e-02
   7.0175000e-02   7.6922998e-02   2.0454501e-01   7.9999998e-02   9.2592999e-02   1.0000000e-01   1.5217400e-01   1.0526300e-01   3.7037000e-02   1.0909100e-01   7.8431003e-02   6.8966001e-02   1.0909100e-01   1.0843400e-01   1.0344800e-01   2.2499999e-01   6.8966001e-02   2.0833300e-01   1.5686300e-01   7.5471997e-02   1.0000000e-01   6.8966001e-02   3.7735999e-02   2.8205100e-01   1.4583300e-01   2.6087001e-01   2.9268301e-01   1.8181799e-01   1.3043500e-01   1.0000000e+00   3.3333299e-01   1.5254200e-01   2.3684201e-01   2.9268301e-01   6.7796998e-02   7.6922998e-02   7.0175000e-02   7.6922998e-02   1.8867899e-01   2.3999999e-01   3.8888901e-01   2.2222200e-01   6.7796998e-02   2.6087001e-01   1.3846201e-01   7.6922998e-02   3.3898000e-02   7.8125000e-02   1.7187500e-01   8.3333001e-02   2.5925899e-01   3.7037000e-02   1.6981100e-01   1.5909100e-01
   8.0645002e-02   5.0847001e-02   1.1320800e-01   3.4483001e-02   4.8386998e-02   1.0909100e-01   1.1320800e-01   7.8125000e-02   5.0847001e-02   1.1666700e-01   1.6666999e-02   4.6154000e-02   8.0645002e-02   1.0112400e-01   9.3750000e-02   2.2222200e-01   4.6154000e-02   1.0344800e-01   1.6071400e-01   5.0000001e-02   1.0909100e-01   4.6154000e-02   5.1724002e-02   1.4285700e-01   1.0909100e-01   2.5490201e-01   2.8260899e-01   1.4516100e-01   1.3725500e-01   3.3333299e-01   1.0000000e+00   1.2121200e-01   2.0454501e-01   2.5531900e-01   4.5455001e-02   3.3333000e-02   4.6875000e-02   3.3333000e-02   1.1290300e-01   2.3636401e-01   2.8571400e-01   1.2963000e-01   4.5455001e-02   2.3076899e-01   1.2676100e-01   5.0847001e-02   4.6875000e-02   5.6338001e-02   3.7288100e-01   7.5758003e-02   2.9824600e-01   3.3333000e-02   1.5254200e-01   1.4000000e-01
   2.5999999e-01   3.8095200e-01   3.0952400e-01   3.6585400e-01   4.8780501e-01   1.4000000e-01   2.7906999e-01   2.2641499e-01   3.1818199e-01   2.5999999e-01   2.9545501e-01   2.0754699e-01   2.3529400e-01   2.2077900e-01   5.7142901e-01   2.1428600e-01   2.3076899e-01   2.5000000e-01   1.2963000e-01   4.7499999e-01   1.4000000e-01   3.3333299e-01   2.6666701e-01   1.5555599e-01   2.9545501e-01   2.2449000e-01   1.2244900e-01   3.9583299e-01   2.0000000e-01   1.5254200e-01   1.2121200e-01   1.0000000e+00   1.9512200e-01   1.2244900e-01   2.2641499e-01   2.8888899e-01   4.6511599e-01   2.8888899e-01   4.1304299e-01   1.6363600e-01   1.3235299e-01   1.8750000e-01   4.1304299e-01   2.2449000e-01   2.2580600e-01   3.1818199e-01   3.1250000e-01   6.1363602e-01   1.8461500e-01   5.9523797e-01   1.6666700e-01   2.3404300e-01   3.6170200e-01   3.9216001e-02
   7.6922998e-02   2.7778000e-02   2.1428600e-01   2.9412000e-02   5.2632000e-02   2.8571000e-02   2.1428600e-01   7.3170997e-02   2.7778000e-02   7.6922998e-02   2.8571000e-02   2.3809999e-02   7.6922998e-02   7.3528998e-02   7.1428999e-02   5.0000000e-01   2.3809999e-02   1.8181799e-01   2.1212099e-01   2.7027000e-02   2.8571000e-02   2.3809999e-02   2.8571000e-02   2.9166701e-01   2.0000000e-01   3.0000001e-01   3.6000001e-01   1.7948700e-01   2.2222200e-01   2.3684201e-01   2.0454501e-01   1.9512200e-01   1.0000000e+00   2.5925899e-01   2.3256000e-02   5.7142999e-02   1.0526300e-01   5.7142999e-02   2.5714299e-01   2.2857100e-01   1.9148900e-01   2.0000000e-01   1.0000000e-01   3.4482801e-01   1.7021300e-01   2.7778000e-02   1.0526300e-01   1.1111100e-01   1.4285700e-01   1.5000001e-01   1.9512200e-01   5.7142999e-02   2.6470599e-01   1.4285700e-01
   6.6666998e-02   4.8780002e-02   2.1212099e-01   7.8947000e-02   9.5238000e-02   7.6922998e-02   2.5000000e-01   8.6957000e-02   7.5000003e-02   9.0908997e-02   5.0000001e-02   6.5217003e-02   6.6666998e-02   1.1267600e-01   8.5106000e-02   2.8571400e-01   6.5217003e-02   1.5384600e-01   1.5000001e-01   1.0000000e-01   7.6922998e-02   4.2553000e-02   7.6922998e-02   1.9354799e-01   2.3529400e-01   4.5161301e-01   8.1818199e-01   2.0930199e-01   2.1875000e-01   2.9268301e-01   2.5531900e-01   1.2244900e-01   2.5925899e-01   1.0000000e+00   8.6957000e-02   4.8780002e-02   4.3478001e-02   4.8780002e-02   1.3636400e-01   3.2432401e-01   3.4782600e-01   2.0000000e-01   4.1666999e-02   3.6363599e-01   1.5094300e-01   4.8780002e-02   4.3478001e-02   5.6604002e-02   2.6530600e-01   6.1223999e-02   3.0952400e-01   4.8780002e-02   1.6666700e-01   2.7027000e-02
   4.4999999e-01   3.5897401e-01   2.5000000e-01   3.4210500e-01   3.3333299e-01   3.3333299e-01   2.8205100e-01   7.1428603e-01   3.9473701e-01   4.4999999e-01   3.0000001e-01   7.3529398e-01   5.6756800e-01   2.0270300e-01   2.9787201e-01   9.5238000e-02   7.3529398e-01   1.9565199e-01   1.9148900e-01   3.4999999e-01   3.3333299e-01   2.8260899e-01   3.6842099e-01   4.4443998e-02   2.6829299e-01   1.0000000e-01   8.6957000e-02   2.9166701e-01   6.5217003e-02   6.7796998e-02   4.5455001e-02   2.2641499e-01   2.3256000e-02   8.6957000e-02   1.0000000e+00   2.9268301e-01   3.1818199e-01   2.9268301e-01   2.5000000e-01   5.3571001e-02   5.8823999e-02   6.1223999e-02   2.7659601e-01   1.0000000e-01   2.0339000e-01   3.2499999e-01   3.1818199e-01   2.6923099e-01   1.0769200e-01   2.3999999e-01   1.0169500e-01   2.9268301e-01   2.0408200e-01   2.1276999e-02
   4.1666701e-01   5.8620697e-01   4.3333301e-01   6.9230801e-01   5.8064502e-01   1.2500000e-01   3.4375000e-01   2.9268301e-01   4.8387101e-01   3.4210500e-01   8.7500000e-01   3.0000001e-01   3.0769199e-01   1.7142899e-01   3.4999999e-01   5.4053999e-02   3.0000001e-01   3.3333299e-01   4.2553000e-02   5.6666702e-01   1.2500000e-01   4.8571399e-01   4.5161301e-01   1.4285700e-01   4.5161301e-01   2.1276999e-02   7.5000003e-02   4.8648599e-01   2.4390001e-02   7.6922998e-02   3.3333000e-02   2.8888899e-01   5.7142999e-02   4.8780002e-02   2.9268301e-01   1.0000000e+00   5.0000000e-01   1.0000000e+00   4.7222200e-01   6.1223999e-02   4.8386998e-02   7.1428999e-02   3.9473701e-01   1.1627900e-01   1.8518500e-01   4.8387101e-01   5.9375000e-01   3.4090900e-01   8.3333001e-02   3.7500000e-01   1.1538500e-01   7.6923102e-01   2.6829299e-01   5.1282000e-02
   4.7368401e-01   6.9999999e-01   2.9729700e-01   5.8064502e-01   5.8823502e-01   1.9047600e-01   2.6315799e-01   3.1818199e-01   5.4545498e-01   3.6585400e-01   5.1515198e-01   3.5714301e-01   3.3333299e-01   2.4285699e-01   4.3902400e-01   1.5789500e-01   3.5714301e-01   2.6190501e-01   1.4893600e-01   4.8571399e-01   1.9047600e-01   5.4054099e-01   3.8888901e-01   9.7561002e-02   2.8205100e-01   1.7777801e-01   4.3478001e-02   4.2857099e-01   9.3023002e-02   7.0175000e-02   4.6875000e-02   4.6511599e-01   1.0526300e-01   4.3478001e-02   3.1818199e-01   5.0000000e-01   1.0000000e+00   5.0000000e-01   4.8717901e-01   5.5555999e-02   2.9412000e-02   8.6957000e-02   4.8717901e-01   1.7777801e-01   1.6949201e-01   6.4516097e-01   5.5555600e-01   4.5454499e-01   1.4754100e-01   5.0000000e-01   1.0526300e-01   3.7837800e-01   2.9545501e-01   2.2221999e-02
   4.1666701e-01   5.8620697e-01   4.3333301e-01   6.9230801e-01   5.8064502e-01   1.2500000e-01   3.4375000e-01   2.9268301e-01   4.8387101e-01   3.4210500e-01   8.7500000e-01   3.0000001e-01   3.0769199e-01   1.7142899e-01   3.4999999e-01   5.4053999e-02   3.0000001e-01   3.3333299e-01   4.2553000e-02   5.6666702e-01   1.2500000e-01   4.8571399e-01   4.5161301e-01   1.4285700e-01   4.5161301e-01   2.1276999e-02   7.5000003e-02   4.8648599e-01   2.4390001e-02   7.6922998e-02   3.3333000e-02   2.8888899e-01   5.7142999e-02   4.8780002e-02   2.9268301e-01   1.0000000e+00   5.0000000e-01   1.0000000e+00   4.7222200e-01   6.1223999e-02   4.8386998e-02   7.1428999e-02   3.9473701e-01   1.1627900e-01   1.8518500e-01   4.8387101e-01   5.9375000e-01   3.4090900e-01   8.3333001e-02   3.7500000e-01   1.1538500e-01   7.6923102e-01   2.6829299e-01   5.1282000e-02
   4.1463399e-01   5.1428598e-01   4.7058800e-01   5.4545498e-01   4.3589699e-01   1.0638300e-01   4.7058800e-01   3.0434799e-01   3.9473701e-01   3.4883699e-01   5.2941197e-01   2.5531900e-01   3.1818199e-01   2.0270300e-01   3.2608700e-01   2.4324299e-01   2.5531900e-01   4.1025600e-01   1.2000000e-01   3.8461500e-01   1.0638300e-01   3.7209299e-01   3.0000001e-01   2.3684201e-01   4.0540501e-01   1.9565199e-01   1.6279100e-01   4.7619000e-01   1.1363600e-01   1.8867899e-01   1.1290300e-01   4.1304299e-01   2.5714299e-01   1.3636400e-01   2.5000000e-01   4.7222200e-01   4.8717901e-01   4.7222200e-01   1.0000000e+00   1.3461500e-01   1.2500000e-01   1.8181799e-01   3.9534900e-01   2.5000000e-01   2.9090899e-01   4.3243200e-01   4.8717901e-01   3.4693900e-01   1.8032800e-01   4.0909100e-01   1.8181799e-01   3.5897401e-01   4.3902400e-01   6.6666998e-02
   5.5555999e-02   6.1223999e-02   1.6666700e-01   4.1666999e-02   7.8431003e-02   2.0000000e-02   1.9512200e-01   7.2727002e-02   8.3333001e-02   5.5555999e-02   6.2500000e-02   3.5714000e-02   5.5555999e-02   8.6420000e-02   9.0908997e-02   2.5000000e-01   3.5714000e-02   2.2727300e-01   1.2244900e-01   5.9999999e-02   2.0000000e-02   5.4545000e-02   4.0816002e-02   1.5000001e-01   1.8604700e-01   3.8461500e-01   3.6111099e-01   1.7307700e-01   4.1176501e-01   2.3999999e-01   2.3636401e-01   1.6363600e-01   2.2857100e-01   3.2432401e-01   5.3571001e-02   6.1223999e-02   5.5555999e-02   6.1223999e-02   1.3461500e-01   1.0000000e+00   2.4561401e-01   2.7500001e-01   1.7240999e-02   3.1707299e-01   2.7272701e-01   6.1223999e-02   3.6364000e-02   8.3333001e-02   3.3962300e-01   7.0175000e-02   3.3333299e-01   6.1223999e-02   2.3404300e-01   4.4443998e-02
   7.6922998e-02   3.1746000e-02   1.0714300e-01   5.0000001e-02   6.2500000e-02   1.0344800e-01   1.2727299e-01   9.0908997e-02   4.8386998e-02   1.1111100e-01   3.2258000e-02   4.4117998e-02   7.6922998e-02   7.4468002e-02   8.9552000e-02   2.0833300e-01   4.4117998e-02   1.1666700e-01   1.3333300e-01   6.4516000e-02   1.0344800e-01   2.8986000e-02   4.9180001e-02   1.5686300e-01   1.2280700e-01   2.8846201e-01   3.4782600e-01   1.3846201e-01   1.5094300e-01   3.8888901e-01   3.0645201e-01   1.3235299e-01   1.9148900e-01   3.4782600e-01   5.8823999e-02   4.8386998e-02   2.9412000e-02   4.8386998e-02   1.2500000e-01   2.4561401e-01   1.0000000e+00   1.4285700e-01   2.8571000e-02   2.1818200e-01   1.8571401e-01   3.1746000e-02   2.9412000e-02   6.8493001e-02   2.3529400e-01   7.2463997e-02   3.0508500e-01   4.8386998e-02   2.0339000e-01   2.0000000e-01
   4.1666999e-02   9.7561002e-02   3.1250000e-01   1.0256400e-01   9.0908997e-02   7.3170997e-02   2.3529400e-01   6.1223999e-02   4.6512000e-02   4.1666999e-02   1.0000000e-01   4.0816002e-02   4.1666999e-02   1.4084500e-01   8.1633002e-02   2.2580600e-01   4.0816002e-02   3.0555600e-01   1.4285700e-01   1.2195100e-01   7.3170997e-02   8.5106000e-02   4.7619000e-02   3.4482801e-01   2.2222200e-01   2.0512800e-01   2.0000000e-01   2.0000000e-01   5.7692301e-01   2.2222200e-01   1.2963000e-01   1.8750000e-01   2.0000000e-01   2.0000000e-01   6.1223999e-02   7.1428999e-02   8.6957000e-02   7.1428999e-02   1.8181799e-01   2.7500001e-01   1.4285700e-01   1.0000000e+00   8.3333001e-02   2.0512800e-01   2.1153800e-01   9.7561002e-02   4.1666999e-02   9.4339997e-02   1.4285700e-01   1.0204100e-01   1.4000000e-01   2.2727000e-02   2.4390200e-01   2.5641000e-02
   3.4883699e-01   4.7222200e-01   2.5000000e-01   4.5714301e-01   4.7368401e-01   1.5555599e-01   2.1951200e-01   2.7659601e-01   3.9473701e-01   3.4883699e-01   4.0540501e-01   2.8260899e-01   2.8888899e-01   2.0270300e-01   3.5555601e-01   1.2195100e-01   2.8260899e-01   2.2222200e-01   9.8039001e-02   5.4285699e-01   1.5555599e-01   6.8571401e-01   4.4444400e-01   9.3023002e-02   2.3809500e-01   1.0000000e-01   4.1666999e-02   4.0909100e-01   4.2553000e-02   6.7796998e-02   4.5455001e-02   4.1304299e-01   1.0000000e-01   4.1666999e-02   2.7659601e-01   3.9473701e-01   4.8717901e-01   3.9473701e-01   3.9534900e-01   1.7240999e-02   2.8571000e-02   8.3333001e-02   1.0000000e+00   1.7021300e-01   1.4516100e-01   4.3243200e-01   4.1463399e-01   4.3478301e-01   1.0769200e-01   4.4185999e-01   6.5573998e-02   3.2499999e-01   2.5531900e-01   2.1276999e-02
   1.0416700e-01   1.1627900e-01   2.5000000e-01   1.2195100e-01   1.0869600e-01   1.4634100e-01   2.5000000e-01   1.0000000e-01   1.1627900e-01   1.0416700e-01   1.1904800e-01   1.0204100e-01   1.0416700e-01   1.6666700e-01   1.2000000e-01   4.1379300e-01   1.0204100e-01   2.1951200e-01   2.7500001e-01   1.1363600e-01   1.4634100e-01   1.0204100e-01   1.1904800e-01   1.6666700e-01   2.7026999e-01   4.2857099e-01   4.0625000e-01   2.3913001e-01   2.2222200e-01   2.6087001e-01   2.3076899e-01   2.2449000e-01   3.4482801e-01   3.6363599e-01   1.0000000e-01   1.1627900e-01   1.7777801e-01   1.1627900e-01   2.5000000e-01   3.1707299e-01   2.1818200e-01   2.0512800e-01   1.7021300e-01   1.0000000e+00   1.7857100e-01   1.1627900e-01   2.0454501e-01   1.5094300e-01   3.1372499e-01   1.8750000e-01   3.0434799e-01   1.1627900e-01   2.8571400e-01   4.8780002e-02
   2.7777800e-01   2.0754699e-01   3.8636401e-01   2.3999999e-01   2.1818200e-01   6.7796998e-02   4.5238101e-01   2.6785699e-01   2.3076899e-01   2.7777800e-01   2.1153800e-01   1.6666700e-01   2.3214300e-01   1.3636400e-01   2.0000000e-01   1.4000000e-01   1.8644100e-01   3.7500000e-01   9.8361000e-02   2.0370400e-01   6.7796998e-02   1.8644100e-01   2.1153800e-01   9.4339997e-02   4.0000001e-01   1.3793100e-01   1.7307700e-01   2.3728800e-01   2.0000000e-01   1.3846201e-01   1.2676100e-01   2.2580600e-01   1.7021300e-01   1.5094300e-01   2.0339000e-01   1.8518500e-01   1.6949201e-01   1.8518500e-01   2.9090899e-01   2.7272701e-01   1.8571401e-01   2.1153800e-01   1.4516100e-01   1.7857100e-01   1.0000000e+00   2.0754699e-01   1.6949201e-01   1.6666700e-01   2.0289899e-01   1.7741901e-01   2.4590200e-01   1.8518500e-01   4.5833299e-01   2.8260899e-01
   5.0000000e-01   8.3999997e-01   3.4375000e-01   6.9230801e-01   5.8064502e-01   1.8421100e-01   3.4375000e-01   3.2499999e-01   7.0370400e-01   4.1666701e-01   5.0000000e-01   3.3333299e-01   3.4210500e-01   2.0588200e-01   4.2105299e-01   8.3333001e-02   3.3333299e-01   2.9729700e-01   6.5217003e-02   5.1612902e-01   1.8421100e-01   6.2500000e-01   4.0625000e-01   1.1111100e-01   2.8571400e-01   9.0908997e-02   4.8780002e-02   3.7500000e-01   1.0526300e-01   7.6922998e-02   5.0847001e-02   3.1818199e-01   2.7778000e-02   4.8780002e-02   3.2499999e-01   4.8387101e-01   6.4516097e-01   4.8387101e-01   4.3243200e-01   6.1223999e-02   3.1746000e-02   9.7561002e-02   4.3243200e-01   1.1627900e-01   2.0754699e-01   1.0000000e+00   4.1666701e-01   3.7209299e-01   1.4035100e-01   3.7500000e-01   1.1538500e-01   3.5294101e-01   2.6829299e-01   2.5000000e-02
