   1.0000000e+00   2.6026733e-02   2.5199598e-02   4.1950990e-02   4.2759597e-02   5.1885113e-02   1.9114213e-02   6.7201227e-02   1.9212382e-02   2.0346874e-02   2.0771759e-02   2.7334584e-02   2.8454795e-02   2.5032807e-02   2.3747735e-02   2.4977425e-02   1.7933296e-02   2.0343387e-02   2.6848221e-02   7.0957355e-02   6.2882654e-02   3.6939044e-02   3.7159696e-02   3.5169709e-02   2.8787380e-02   3.6078844e-02
   2.6026733e-02   1.0000000e+00   3.8529152e-01   2.5410014e-01   2.4185103e-01   2.5889379e-01   1.3104771e-01   1.4077109e-01   1.1923802e-01   1.2027205e-01   1.2951685e-01   9.2841603e-02   1.0925244e-01   1.4051645e-01   1.4884257e-01   1.4846221e-01   8.5338786e-02   9.0710759e-02   8.1057489e-02   1.8293895e-01   1.6855520e-01   3.8684435e-02   1.1238399e-01   9.5273234e-02   1.2743473e-01   1.1758386e-01
   2.5199598e-02   3.8529152e-01   1.0000000e+00   2.3956144e-01   2.2657298e-01   2.4014123e-01   1.4445847e-01   1.4814425e-01   1.1995696e-01   1.2277759e-01   1.3119648e-01   9.6117303e-02   9.4479054e-02   1.4896286e-01   1.4194383e-01   1.4522710e-01   8.8647477e-02   9.5293984e-02   8.6983621e-02   1.6852812e-01   1.5788156e-01   3.6635555e-02   1.0255137e-01   8.8787392e-02   1.3704416e-01   1.2692057e-01
   4.1950990e-02   2.5410014e-01   2.3956144e-01   1.0000000e+00   5.0963753e-01   5.4514736e-01   1.5441154e-01   1.8496716e-01   1.2419181e-01   1.3691822e-01   1.4238335e-01   1.1005573e-01   1.2835167e-01   1.8852460e-01   1.8320498e-01   1.9553325e-01   9.4996020e-02   1.0275138e-01   9.2766248e-02   2.3671992e-01   2.1698634e-01   3.8773272e-02   1.3829501e-01   1.2402071e-01   1.6999406e-01   1.3665488e-01
   4.2759597e-02   2.4185103e-01   2.2657298e-01   5.0963753e-01   1.0000000e+00   7.2118592e-01   1.4422718e-01   1.9079536e-01   1.1071751e-01   1.1496731e-01   1.3336296e-01   1.2374717e-01   1.2688673e-01   1.7780663e-01   1.8342519e-01   2.0802619e-01   9.1735534e-02   9.6221194e-02   9.3188107e-02   2.3258667e-01   2.0664966e-01   3.7657373e-02   1.4118776e-01   1.1251917e-01   1.5794124e-01   1.4022486e-01
   5.1885113e-02   2.5889379e-01   2.4014123e-01   5.4514736e-01   7.2118592e-01   1.0000000e+00   1.6148272e-01   1.9965205e-01   1.1915699e-01   1.3025418e-01   1.4047526e-01   1.4240658e-01   1.4244036e-01   2.1525885e-01   2.0606154e-01   2.3109969e-01   9.4695918e-02   1.0086333e-01   9.3967423e-02   2.5041783e-01   2.1672918e-01   4.0801510e-02   1.4276604e-01   1.1500425e-01   1.6198012e-01   1.5387556e-01
   1.9114213e-02   1.3104771e-01   1.4445847e-01   1.5441154e-01   1.4422718e-01   1.6148272e-01   1.0000000e+00   1.0292202e-01   2.3366134e-01   2.7668068e-01   2.5727320e-01   7.7023581e-02   6.8035021e-02   9.5668219e-02   9.6751228e-02   9.9896409e-02   6.1022017e-02   6.5340526e-02   6.3234061e-02   1.1451242e-01   1.0127858e-01   4.2474244e-02   6.4100027e-02   7.1608789e-02   1.0736264e-01   9.2250884e-02
   6.7201227e-02   1.4077109e-01   1.4814425e-01   1.8496716e-01   1.9079536e-01   1.9965205e-01   1.0292202e-01   1.0000000e+00   9.3100317e-02   8.2312271e-02   9.7153783e-02   1.3213223e-01   1.3124123e-01   1.7474166e-01   1.8903472e-01   1.7916442e-01   9.7709052e-02   1.0742989e-01   1.0208312e-01   3.0016196e-01   2.7886057e-01   3.5247739e-02   1.1942054e-01   1.1513299e-01   1.5269148e-01   1.3052401e-01
   1.9212382e-02   1.1923802e-01   1.1995696e-01   1.2419181e-01   1.1071751e-01   1.1915699e-01   2.3366134e-01   9.3100317e-02   1.0000000e+00   2.0529273e-01   2.5471503e-01   6.1430175e-02   6.3846201e-02   8.7217309e-02   8.4559821e-02   9.1041721e-02   5.5678852e-02   6.0766414e-02   5.7273801e-02   1.0467667e-01   9.3636416e-02   2.8328003e-02   6.7868568e-02   6.4846091e-02   8.7787010e-02   8.1683472e-02
   2.0346874e-02   1.2027205e-01   1.2277759e-01   1.3691822e-01   1.1496731e-01   1.3025418e-01   2.7668068e-01   8.2312271e-02   2.0529273e-01   1.0000000e+00   2.3099120e-01   6.9941327e-02   6.6795073e-02   8.7093264e-02   8.4972240e-02   9.5503300e-02   6.1071582e-02   7.1358018e-02   6.4846769e-02   9.0569369e-02   8.2031026e-02   3.5963774e-02   7.6189570e-02   7.5613528e-02   9.4018966e-02   8.5591324e-02
   2.0771759e-02   1.2951685e-01   1.3119648e-01   1.4238335e-01   1.3336296e-01   1.4047526e-01   2.5727320e-01   9.7153783e-02   2.5471503e-01   2.3099120e-01   1.0000000e+00   5.9277002e-02   6.9754906e-02   8.4890805e-02   7.8277968e-02   8.7115914e-02   5.7820044e-02   6.2441241e-02   5.7359736e-02   1.0415883e-01   9.6643448e-02   3.5880346e-02   6.0028840e-02   6.6330075e-02   9.2600785e-02   7.7570841e-02
   2.7334584e-02   9.2841603e-02   9.6117303e-02   1.1005573e-01   1.2374717e-01   1.4240658e-01   7.7023581e-02   1.3213223e-01   6.1430175e-02   6.9941327e-02   5.9277002e-02   1.0000000e+00   5.4439121e-01   2.0152593e-01   2.1232775e-01   2.0327295e-01   1.6545072e-01   1.7773286e-01   1.4183605e-01   1.7513615e-01   1.4776592e-01   3.2006048e-02   1.6325711e-01   1.4610624e-01   1.2526926e-01   1.5231563e-01
   2.8454795e-02   1.0925244e-01   9.4479054e-02   1.2835167e-01   1.2688673e-01   1.4244036e-01   6.8035021e-02   1.3124123e-01   6.3846201e-02   6.6795073e-02   6.9754906e-02   5.4439121e-01   1.0000000e+00   1.9465956e-01   2.0203006e-01   1.9825301e-01   1.7143732e-01   1.8625306e-01   1.5526061e-01   1.7056812e-01   1.4365809e-01   2.9508432e-02   1.8238281e-01   1.6215423e-01   1.2510122e-01   1.7152844e-01
   2.5032807e-02   1.4051645e-01   1.4896286e-01   1.8852460e-01   1.7780663e-01   2.1525885e-01   9.5668219e-02   1.7474166e-01   8.7217309e-02   8.7093264e-02   8.4890805e-02   2.0152593e-01   1.9465956e-01   1.0000000e+00   7.2886902e-01   6.9413507e-01   1.5181598e-01   1.6340232e-01   1.2557338e-01   2.3339204e-01   2.1126530e-01   5.3073235e-02   1.7497563e-01   1.6725282e-01   1.7500341e-01   1.8903637e-01
   2.3747735e-02   1.4884257e-01   1.4194383e-01   1.8320498e-01   1.8342519e-01   2.0606154e-01   9.6751228e-02   1.8903472e-01   8.4559821e-02   8.4972240e-02   7.8277968e-02   2.1232775e-01   2.0203006e-01   7.2886902e-01   1.0000000e+00   7.1869844e-01   1.7163499e-01   1.7888188e-01   1.3240446e-01   2.3423687e-01   2.1111625e-01   4.2292900e-02   1.8028738e-01   1.7437233e-01   1.7553423e-01   1.9755223e-01
   2.4977425e-02   1.4846221e-01   1.4522710e-01   1.9553325e-01   2.0802619e-01   2.3109969e-01   9.9896409e-02   1.7916442e-01   9.1041721e-02   9.5503300e-02   8.7115914e-02   2.0327295e-01   1.9825301e-01   6.9413507e-01   7.1869844e-01   1.0000000e+00   1.6277581e-01   1.7670864e-01   1.3024884e-01   2.4285381e-01   2.1869560e-01   4.7660235e-02   1.8310796e-01   1.6038838e-01   1.8237033e-01   1.9161247e-01
   1.7933296e-02   8.5338786e-02   8.8647477e-02   9.4996020e-02   9.1735534e-02   9.4695918e-02   6.1022017e-02   9.7709052e-02   5.5678852e-02   6.1071582e-02   5.7820044e-02   1.6545072e-01   1.7143732e-01   1.5181598e-01   1.7163499e-01   1.6277581e-01   1.0000000e+00   5.7846069e-01   4.3008488e-01   1.1627210e-01   1.0315999e-01   3.8021225e-02   1.6329430e-01   1.3840646e-01   1.0497751e-01   1.3581103e-01
   2.0343387e-02   9.0710759e-02   9.5293984e-02   1.0275138e-01   9.6221194e-02   1.0086333e-01   6.5340526e-02   1.0742989e-01   6.0766414e-02   7.1358018e-02   6.2441241e-02   1.7773286e-01   1.8625306e-01   1.6340232e-01   1.7888188e-01   1.7670864e-01   5.7846069e-01   1.0000000e+00   4.5805717e-01   1.2494161e-01   1.1078539e-01   3.4637492e-02   1.6115142e-01   1.4754474e-01   1.1616613e-01   1.4485563e-01
   2.6848221e-02   8.1057489e-02   8.6983621e-02   9.2766248e-02   9.3188107e-02   9.3967423e-02   6.3234061e-02   1.0208312e-01   5.7273801e-02   6.4846769e-02   5.7359736e-02   1.4183605e-01   1.5526061e-01   1.2557338e-01   1.3240446e-01   1.3024884e-01   4.3008488e-01   4.5805717e-01   1.0000000e+00   1.2000938e-01   1.0978583e-01   3.5291750e-02   1.4372315e-01   1.5608355e-01   1.0540093e-01   1.0826612e-01
   7.0957355e-02   1.8293895e-01   1.6852812e-01   2.3671992e-01   2.3258667e-01   2.5041783e-01   1.1451242e-01   3.0016196e-01   1.0467667e-01   9.0569369e-02   1.0415883e-01   1.7513615e-01   1.7056812e-01   2.3339204e-01   2.3423687e-01   2.4285381e-01   1.1627210e-01   1.2494161e-01   1.2000938e-01   1.0000000e+00   6.2279892e-01   5.8196541e-02   1.3065688e-01   1.2632018e-01   1.5105592e-01   1.5800162e-01
   6.2882654e-02   1.6855520e-01   1.5788156e-01   2.1698634e-01   2.0664966e-01   2.1672918e-01   1.0127858e-01   2.7886057e-01   9.3636416e-02   8.2031026e-02   9.6643448e-02   1.4776592e-01   1.4365809e-01   2.1126530e-01   2.1111625e-01   2.1869560e-01   1.0315999e-01   1.1078539e-01   1.0978583e-01   6.2279892e-01   1.0000000e+00   4.4320051e-02   1.0984030e-01   1.1676735e-01   1.2737516e-01   1.3658677e-01
   3.6939044e-02   3.8684435e-02   3.6635555e-02   3.8773272e-02   3.7657373e-02   4.0801510e-02   4.2474244e-02   3.5247739e-02   2.8328003e-02   3.5963774e-02   3.5880346e-02   3.2006048e-02   2.9508432e-02   5.3073235e-02   4.2292900e-02   4.7660235e-02   3.8021225e-02   3.4637492e-02   3.5291750e-02   5.8196541e-02   4.4320051e-02   1.0000000e+00   4.3159943e-02   4.8806153e-02   3.2958079e-02   3.6481015e-02
   3.7159696e-02   1.1238399e-01   1.0255137e-01   1.3829501e-01   1.4118776e-01   1.4276604e-01   6.4100027e-02   1.1942054e-01   6.7868568e-02   7.6189570e-02   6.0028840e-02   1.6325711e-01   1.8238281e-01   1.7497563e-01   1.8028738e-01   1.8310796e-01   1.6329430e-01   1.6115142e-01   1.4372315e-01   1.3065688e-01   1.0984030e-01   4.3159943e-02   1.0000000e+00   3.5862666e-01   2.7215892e-01   2.0226106e-01
   3.5169709e-02   9.5273234e-02   8.8787392e-02   1.2402071e-01   1.1251917e-01   1.1500425e-01   7.1608789e-02   1.1513299e-01   6.4846091e-02   7.5613528e-02   6.6330075e-02   1.4610624e-01   1.6215423e-01   1.6725282e-01   1.7437233e-01   1.6038838e-01   1.3840646e-01   1.4754474e-01   1.5608355e-01   1.2632018e-01   1.1676735e-01   4.8806153e-02   3.5862666e-01   1.0000000e+00   3.2482463e-01   1.8904869e-01
   2.8787380e-02   1.2743473e-01   1.3704416e-01   1.6999406e-01   1.5794124e-01   1.6198012e-01   1.0736264e-01   1.5269148e-01   8.7787010e-02   9.4018966e-02   9.2600785e-02   1.2526926e-01   1.2510122e-01   1.7500341e-01   1.7553423e-01   1.8237033e-01   1.0497751e-01   1.1616613e-01   1.0540093e-01   1.5105592e-01   1.2737516e-01   3.2958079e-02   2.7215892e-01   3.2482463e-01   1.0000000e+00   1.9002533e-01
   3.6078844e-02   1.1758386e-01   1.2692057e-01   1.3665488e-01   1.4022486e-01   1.5387556e-01   9.2250884e-02   1.3052401e-01   8.1683472e-02   8.5591324e-02   7.7570841e-02   1.5231563e-01   1.7152844e-01   1.8903637e-01   1.9755223e-01   1.9161247e-01   1.3581103e-01   1.4485563e-01   1.0826612e-01   1.5800162e-01   1.3658677e-01   3.6481015e-02   2.0226106e-01   1.8904869e-01   1.9002533e-01   1.0000000e+00
